9600
194 197 189
205 208 199
226 228 222
241 244 240
247 250 248
245 248 245
241 243 240
234 236 232
229 231 226
228 231 226
226 228 223
210 214 212
117 130 154
84 95 133
198 200 204
241 243 241
243 246 242
249 252 251
248 252 251
241 243 240
247 251 249
227 228 223
211 213 208
194 195 194
210 211 209
199 201 201
187 189 192
152 158 171
54 68 121
38 57 115
38 58 114
39 58 114
27 41 100
19 27 90
19 30 93
18 31 92
20 33 97
63 74 117
79 90 128
49 62 111
47 62 111
96 109 138
51 65 113
33 48 104
43 55 107
21 36 97
21 35 96
21 33 95
22 32 94
22 32 96
21 31 95
21 32 96
35 46 104
105 110 134
155 158 164
155 159 167
128 133 149
161 164 170
198 199 195
201 202 196
195 195 188
187 187 182
181 181 174
181 180 172
178 178 170
167 167 159
152 149 144
141 139 137
131 130 128
139 139 138
171 172 167
194 194 188
187 186 184
170 170 173
172 172 173
168 168 168
162 163 165
121 123 139
63 65 105
22 20 80
19 12 75
19 11 73
19 14 76
20 22 87
22 26 90
23 27 91
22 23 87
20 16 78
19 10 66
19 13 71
19 14 72
19 11 66
19 6 59
19 4 53
19 2 50
19 2 52
19 5 58
19 8 64
19 10 67
19 9 66
19 9 65
19 9 65
20 9 67
19 6 59
19 4 58
19 6 62
19 9 64
19 14 71
20 13 72
19 5 58
19 1 49
18 0 42
18 0 38
18 1 37
19 4 48
47 47 89
53 54 98
123 122 138
141 142 148
185 185 181
214 217 211
225 227 222
228 230 225
234 236 231
237 239 234
231 234 229
222 224 219
219 222 216
208 211 204
198 201 194
186 192 190
126 138 155
72 88 131
191 194 192
216 219 213
219 222 215
222 224 218
244 247 246
250 254 255
246 249 247
247 249 246
236 237 232
220 223 216
224 225 219
231 232 227
228 229 223
225 227 221
177 181 186
89 100 139
39 60 120
48 66 122
41 60 117
48 68 121
61 72 111
114 119 142
58 71 119
24 39 101
33 47 105
143 148 160
145 151 162
165 170 178
171 177 183
161 166 176
140 146 161
150 155 168
154 159 172
38 51 105
24 38 100
23 38 101
23 38 101
23 38 100
26 40 101
26 41 102
57 68 114
80 89 127
45 58 111
33 48 108
37 52 109
75 84 122
106 112 136
141 145 156
159 161 165
180 181 177
189 190 184
184 184 178
177 178 172
159 158 153
146 145 141
138 136 133
137 136 135
151 152 152
123 124 139
82 87 122
74 80 117
110 111 134
123 124 141
124 124 138
128 128 140
137 137 149
102 104 131
27 30 91
23 22 87
28 31 90
58 62 109
39 42 97
22 24 89
23 27 88
24 27 90
23 26 88
22 25 86
22 26 89
23 27 90
21 24 85
21 17 76
21 13 68
20 12 65
21 12 64
21 13 68
21 14 72
21 13 69
21 13 70
20 11 65
21 13 69
21 11 65
20 7 57
20 7 56
21 10 62
20 9 59
21 8 58
20 4 52
20 1 47
20 1 46
20 1 46
21 4 51
24 20 73
44 46 96
36 36 83
60 62 97
106 107 126
193 193 187
218 220 215
224 226 222
222 225 220
222 225 220
225 227 222
220 223 218
192 197 194
181 184 179
170 174 170
184 189 187
182 189 194
99 117 145
111 122 146
191 192 188
193 194 188
210 212 203
225 226 220
248 250 249
250 254 255
249 252 251
243 244 239
237 238 233
230 232 226
235 236 231
234 235 230
232 233 227
213 214 209
138 147 162
117 128 156
141 147 169
159 165 182
144 151 171
111 123 152
105 121 150
173 181 189
86 97 131
46 60 114
130 134 154
207 209 204
219 221 216
232 234 229
238 240 237
241 243 240
241 242 240
237 239 236
235 237 235
151 158 171
28 44 106
26 44 106
27 44 106
28 44 107
27 45 107
28 45 108
35 51 110
40 56 112
33 50 111
31 46 110
30 46 109
31 47 110
35 50 110
45 61 113
80 90 127
124 129 146
148 151 159
165 166 167
170 171 170
156 157 156
149 149 149
141 141 144
142 142 145
131 131 143
86 92 122
79 86 120
88 93 126
110 112 134
116 119 137
147 146 152
171 171 172
184 184 181
183 183 185
144 144 158
110 113 140
77 82 122
53 59 108
32 36 96
23 20 82
23 17 75
24 27 89
30 39 97
31 41 99
27 36 97
27 34 96
27 35 96
25 34 95
25 31 92
22 27 87
23 21 78
23 21 78
22 23 84
22 23 85
22 22 83
23 17 75
23 18 75
23 19 78
22 12 63
22 9 58
22 9 57
22 10 58
21 6 52
22 2 48
22 1 46
22 1 46
21 0 46
21 2 48
24 12 61
25 14 62
21 4 50
22 5 52
123 123 138
172 171 170
182 188 186
197 202 199
195 200 200
178 186 188
189 196 196
184 190 191
159 168 172
163 170 172
93 97 99
0 0 0
43 52 68
59 80 129
129 138 151
190 192 186
195 197 187
113 113 109
0 0 0
143 145 145
249 253 252
246 250 249
238 239 235
233 234 229
226 227 222
227 228 222
229 230 224
219 220 214
215 216 210
213 214 214
215 217 217
238 242 240
249 253 252
243 246 243
239 240 238
222 223 222
219 221 218
192 196 196
190 194 194
220 222 218
230 232 226
235 237 232
239 241 236
240 242 238
238 240 237
237 239 234
235 237 232
228 230 225
197 200 198
96 98 104
46 48 52
16 19 30
67 70 82
67 76 113
37 54 111
32 51 111
30 47 106
15 27 65
4 8 29
4 8 29
18 31 72
32 51 109
34 53 112
36 55 113
48 64 117
72 84 127
99 108 136
105 111 137
118 122 141
133 135 148
147 148 157
129 130 132
0 0 0
91 92 97
163 164 169
109 112 137
64 72 113
61 64 81
39 39 44
40 40 44
89 91 101
110 113 139
152 154 163
116 119 142
64 72 116
63 69 115
25 27 87
23 18 73
25 26 85
38 47 102
26 37 98
26 37 97
31 42 101
34 45 103
34 45 103
34 44 103
33 43 102
31 41 100
29 39 100
26 35 98
26 36 98
28 37 99
27 36 98
24 32 94
24 29 91
25 30 93
24 28 90
24 21 77
23 16 67
23 15 64
24 13 60
23 10 55
24 8 53
22 7 52
23 6 50
23 6 51
23 5 49
22 5 50
23 5 49
22 6 50
70 73 110
109 111 131
160 165 161
168 173 169
168 175 177
126 140 160
109 128 152
128 143 163
98 117 147
134 148 163
161 168 170
26 28 30
0 0 0
114 119 124
161 166 165
183 184 176
162 163 156
0 0 0
46 46 44
225 226 221
237 239 233
221 222 215
211 212 204
209 210 203
203 203 195
196 196 189
204 206 197
209 210 201
209 209 201
207 206 199
226 226 221
240 243 241
247 250 249
238 239 235
233 234 229
236 237 232
231 232 225
209 210 203
205 206 201
226 227 221
238 239 234
240 242 237
241 243 238
234 236 231
227 230 224
223 225 219
228 230 225
216 218 213
105 105 102
0 0 0
0 0 0
0 0 0
0 0 0
60 61 61
178 181 184
106 116 145
17 24 47
0 0 0
0 0 0
0 0 0
0 0 0
14 26 61
35 55 114
35 55 114
35 54 115
37 57 117
42 61 119
59 73 124
89 97 132
83 93 130
114 119 138
33 34 38
0 0 0
101 102 103
166 167 171
151 152 162
29 33 50
0 0 0
0 0 0
0 0 0
0 0 0
25 31 62
67 75 121
61 70 119
38 49 109
27 33 93
24 23 78
24 24 78
35 44 100
75 80 117
122 124 146
140 143 159
144 146 162
93 98 129
56 64 110
29 41 102
33 46 106
35 48 106
36 48 105
34 46 105
32 43 104
31 41 104
29 39 102
28 39 101
28 38 100
27 36 99
27 31 92
26 33 95
26 27 85
26 24 79
25 22 74
25 16 63
25 15 61
25 14 60
24 13 58
25 13 57
25 11 56
24 12 55
25 11 54
25 11 54
30 28 80
83 86 117
171 176 172
175 178 175
175 179 175
164 170 170
153 162 170
154 165 174
139 151 166
142 152 167
173 180 182
117 123 124
0 0 0
50 51 50
157 158 153
176 177 169
71 72 68
0 0 0
127 129 121
180 180 170
189 189 178
181 182 172
162 163 154
155 156 148
156 156 149
157 156 150
156 157 149
159 160 152
159 159 152
160 159 153
186 186 179
222 222 217
240 241 237
235 236 230
223 223 217
221 221 214
223 223 215
214 215 205
208 208 200
230 230 225
237 238 233
231 233 226
226 229 221
220 222 214
209 211 202
193 194 185
190 191 183
173 174 166
0 0 0
43 43 41
183 184 176
190 191 184
91 91 88
0 0 0
185 186 180
166 167 165
0 0 0
76 78 84
55 71 119
34 53 108
3 7 25
0 0 0
35 54 109
39 60 121
38 59 120
37 60 119
38 60 120
106 112 140
148 151 163
156 156 167
76 78 87
0 0 0
0 0 0
71 74 88
149 151 163
132 133 139
0 0 0
28 34 58
33 48 110
27 40 99
2 5 22
0 0 0
26 37 97
30 45 110
45 58 116
27 35 100
30 33 85
99 104 131
203 205 208
230 231 230
242 244 241
242 244 241
236 239 235
223 225 221
187 189 192
142 144 160
159 161 173
74 79 120
29 41 103
31 44 106
32 47 107
32 45 106
34 45 107
33 45 108
31 44 107
28 41 105
28 37 100
28 35 96
27 33 94
28 30 87
28 27 80
27 25 78
27 22 72
27 22 71
27 20 67
26 19 65
26 18 64
26 17 62
26 17 61
26 17 61
27 18 64
27 18 66
198 202 198
189 191 188
177 180 177
179 184 179
177 182 178
172 177 173
178 182 180
184 189 184
189 193 191
173 178 177
71 73 73
0 0 0
128 129 128
144 144 141
0 0 0
74 74 71
158 159 153
148 149 142
143 144 137
116 117 111
63 63 60
23 23 21
48 49 45
97 97 92
140 141 134
143 142 135
138 138 133
19 19 18
0 0 0
166 165 161
205 205 198
219 219 213
52 52 50
0 0 0
197 197 187
213 210 200
0 0 0
66 66 62
149 149 143
51 52 49
108 108 103
199 200 189
187 188 177
168 169 157
148 148 139
139 139 133
30 30 29
32 32 31
138 139 135
138 138 134
63 63 62
0 0 0
166 167 161
145 145 141
0 0 0
142 142 140
160 166 175
107 121 151
45 54 78
0 0 0
40 56 96
49 71 129
44 67 126
51 71 127
96 106 140
170 170 175
190 189 188
159 157 155
0 0 0
40 44 60
0 0 0
22 35 72
66 80 130
78 84 107
0 0 0
33 45 86
35 50 115
34 50 114
15 24 63
0 0 0
21 33 82
32 46 111
34 50 113
96 102 134
171 172 179
112 112 110
0 0 0
226 229 228
249 253 253
216 219 217
0 0 0
54 54 53
221 222 216
221 222 217
160 162 159
0 0 0
80 84 103
49 57 109
24 34 89
10 16 51
3 4 23
1 3 14
7 13 41
22 31 82
30 43 106
30 41 105
24 32 86
9 14 45
2 3 18
2 3 17
9 10 39
24 25 73
29 29 81
29 28 77
29 27 76
29 25 74
29 25 74
30 24 71
29 24 71
29 25 75
209 212 209
197 201 197
170 176 180
156 165 174
164 171 177
173 179 182
159 167 172
170 176 179
173 179 183
162 171 178
138 149 157
0 0 0
26 28 30
43 46 47
0 0 0
150 153 153
169 171 168
170 172 166
118 119 114
0 0 0
0 0 0
0 0 0
0 0 0
0 0 0
103 103 97
196 196 186
187 186 177
28 27 25
0 0 0
151 151 143
163 163 155
178 176 166
42 41 39
0 0 0
205 203 196
217 215 207
0 0 0
7 6 6
0 0 0
0 0 0
109 109 101
174 173 161
168 169 156
151 152 142
128 127 122
116 114 112
91 90 89
24 24 24
0 0 0
0 0 0
6 6 6
85 86 89
130 132 133
122 124 121
0 0 0
75 75 74
158 161 164
121 127 145
34 38 48
0 0 0
39 53 88
55 77 133
45 69 131
48 71 130
74 91 136
133 140 159
135 139 155
28 30 38
31 38 57
58 70 111
0 0 0
22 35 75
43 64 128
35 51 102
0 0 0
13 23 54
35 53 114
33 50 111
5 11 35
0 0 0
20 32 75
35 50 114
112 117 143
199 199 199
226 227 222
180 180 178
0 0 0
188 189 190
250 254 254
177 178 176
0 0 0
0 0 0
189 189 183
202 202 196
90 90 88
0 0 0
184 184 181
160 162 169
26 27 34
0 0 0
0 0 0
0 0 0
0 0 0
0 0 0
27 40 96
28 41 99
1 1 8
0 0 0
0 0 0
0 0 0
0 0 0
1 1 8
29 34 89
31 35 91
31 34 90
31 33 88
31 33 87
31 32 83
30 31 83
31 32 84
221 225 224
205 210 209
140 154 174
97 119 155
90 113 151
96 117 155
83 108 150
172 179 188
195 202 204
161 172 183
85 109 149
64 77 100
0 0 0
0 0 0
65 77 97
151 159 170
192 192 190
186 186 181
8 8 7
0 0 0
183 185 180
227 227 222
205 206 201
64 64 63
0 0 0
196 197 191
227 228 219
37 37 34
0 0 0
190 188 179
196 194 184
183 181 170
37 36 33
0 0 0
169 165 156
178 174 163
0 0 0
0 0 0
123 122 113
167 167 156
156 155 144
150 150 138
140 140 130
133 133 126
125 124 119
116 116 112
85 84 83
12 12 13
0 0 0
0 0 0
0 0 0
66 68 77
115 121 136
126 131 142
42 44 46
0 0 0
0 0 0
0 0 0
0 0 0
0 0 0
35 50 85
67 87 138
88 103 146
68 88 138
68 88 139
67 88 138
36 48 77
2 3 10
44 65 119
38 58 110
0 0 0
24 38 77
46 68 132
46 66 127
9 17 42
0 0 0
0 0 0
0 0 0
0 0 0
0 0 0
71 76 96
197 199 205
228 228 224
234 235 230
241 242 238
228 229 226
0 0 0
130 130 129
247 248 246
123 123 121
11 11 11
0 0 0
153 152 147
178 179 174
6 6 5
69 69 67
192 191 187
193 193 190
197 196 193
204 202 200
167 169 178
89 94 129
44 48 69
0 0 0
23 36 88
26 38 92
0 0 0
12 21 56
35 49 112
37 54 117
37 53 115
36 49 112
38 53 115
34 45 105
35 47 107
35 44 105
35 45 104
33 40 96
34 41 98
38 51 111
226 229 228
218 221 220
186 193 197
135 150 171
125 143 168
127 142 166
125 142 166
189 195 199
206 209 208
177 184 188
170 177 186
169 176 181
0 0 0
0 0 0
168 175 178
198 201 199
218 221 215
186 187 182
0 0 0
116 116 113
230 231 226
237 238 232
238 239 233
171 173 171
0 0 0
162 163 158
228 228 219
38 37 35
0 0 0
192 191 180
209 206 196
210 209 197
40 40 37
0 0 0
167 164 154
180 178 167
0 0 0
0 0 0
158 156 145
165 162 151
160 159 148
159 159 150
149 150 140
145 146 138
145 146 140
139 140 135
4 4 4
43 44 44
133 137 139
126 129 136
58 61 70
0 0 0
81 94 118
95 113 147
98 108 132
69 71 78
32 33 35
70 71 75
48 58 81
0 0 0
30 50 89
79 97 144
166 171 180
138 146 168
76 95 144
74 87 120
0 0 0
37 55 96
52 77 138
41 60 114
0 0 0
30 44 81
68 88 139
147 154 175
114 122 146
69 74 86
48 49 50
114 115 113
126 127 126
0 0 0
148 149 149
241 243 241
233 233 228
244 244 242
247 247 244
247 248 246
102 103 101
36 36 35
221 222 216
30 30 29
134 134 131
45 44 43
116 115 110
147 146 141
0 0 0
121 122 117
187 185 181
185 183 179
173 173 170
164 161 157
139 139 135
104 104 102
25 25 25
0 0 0
85 90 117
34 52 115
9 18 51
0 0 0
2 5 19
15 27 59
30 44 86
35 54 111
48 68 125
44 64 123
43 62 123
47 65 123
50 67 124
41 59 121
44 61 121
39 55 116
224 227 225
213 217 216
195 200 203
195 201 204
209 213 215
219 223 221
226 228 227
227 229 227
222 224 220
211 214 210
196 200 200
204 207 204
0 0 0
0 0 0
208 211 208
221 223 220
235 237 232
199 200 196
0 0 0
118 118 116
239 240 235
239 240 234
237 238 232
162 163 159
0 0 0
152 152 146
213 213 202
35 35 32
0 0 0
186 184 173
200 198 186
204 203 191
8 8 7
0 0 0
183 181 170
193 190 178
0 0 0
0 0 0
171 169 157
174 172 160
170 170 160
170 170 163
162 163 155
164 165 157
174 175 165
154 155 148
0 0 0
100 103 102
173 177 178
153 160 170
87 99 121
0 0 0
45 60 93
57 86 140
68 92 140
109 121 148
136 142 155
117 129 154
42 55 83
0 0 0
39 61 105
113 127 157
187 189 192
166 171 180
166 169 180
66 72 89
0 0 0
0 0 0
0 0 0
0 0 0
0 0 0
0 0 0
0 0 0
229 228 227
225 224 223
231 230 228
239 240 237
242 242 240
139 139 137
0 0 0
180 181 178
228 228 222
233 233 228
243 243 240
241 242 237
246 247 243
171 173 169
0 0 0
148 148 144
0 0 0
171 170 163
117 116 111
51 50 47
109 108 103
0 0 0
141 140 135
181 178 171
182 179 171
93 92 88
76 75 72
174 173 167
197 196 191
127 125 122
0 0 0
104 109 126
76 90 136
75 86 131
38 54 104
38 48 84
12 24 56
1 2 8
0 0 0
40 58 110
55 76 132
62 80 134
67 84 136
72 87 138
65 83 134
69 85 137
68 85 136
171 181 190
202 207 209
228 230 229
239 241 237
238 240 238
239 241 238
230 233 227
224 226 221
221 223 218
222 224 219
225 228 223
224 226 222
0 0 0
0 0 0
225 226 221
233 234 228
240 241 236
230 230 227
0 0 0
0 0 0
182 183 178
222 223 217
192 193 188
57 58 55
0 0 0
176 176 169
208 208 197
57 57 53
0 0 0
153 151 142
195 193 182
150 148 140
0 0 0
0 0 0
182 180 170
189 187 176
0 0 0
0 0 0
179 177 167
183 180 171
166 166 159
156 158 153
146 148 145
140 142 139
140 142 140
131 134 131
0 0 0
43 45 46
140 147 153
130 142 159
51 63 83
0 0 0
62 78 111
75 98 140
21 31 51
33 43 63
130 138 157
129 137 151
25 26 30
0 0 0
75 94 135
114 126 156
190 192 193
224 223 219
215 216 209
105 106 106
0 0 0
0 0 0
0 0 0
0 0 0
0 0 0
0 0 0
0 0 0
224 224 222
90 90 89
104 104 103
220 221 217
210 210 207
45 45 44
0 0 0
204 203 198
227 228 221
233 234 227
236 237 231
239 240 234
241 242 236
209 210 205
0 0 0
27 27 26
0 0 0
190 188 178
151 150 141
0 0 0
19 18 16
45 45 42
169 166 157
190 186 174
157 155 146
0 0 0
115 113 109
206 202 194
186 184 174
66 64 61
0 0 0
143 140 140
179 177 177
199 197 193
166 165 172
173 172 176
103 109 141
21 36 80
0 0 0
27 43 88
47 68 130
48 68 130
49 69 129
51 70 130
52 71 129
54 73 131
57 76 132
187 195 204
241 245 246
246 249 247
244 246 243
245 248 246
245 248 246
231 233 229
220 222 215
233 235 230
235 237 232
240 242 237
236 238 236
0 0 0
0 0 0
226 227 222
233 234 228
234 235 229
236 237 231
155 156 152
0 0 0
0 0 0
0 0 0
0 0 0
0 0 0
119 119 115
222 222 214
226 226 218
124 124 120
0 0 0
0 0 0
0 0 0
0 0 0
21 21 19
0 0 0
193 192 181
200 199 188
0 0 0
0 0 0
184 183 178
173 174 171
155 158 159
147 153 161
138 146 154
129 138 149
123 133 147
121 130 142
51 56 64
0 0 0
0 0 0
0 0 0
0 0 0
9 17 31
64 94 142
72 101 150
30 41 62
0 0 0
0 0 0
0 0 0
0 0 0
125 127 125
180 183 185
191 192 190
65 65 63
0 0 0
195 195 191
192 192 192
148 155 169
131 139 163
157 162 175
104 112 136
0 0 0
124 124 125
243 243 241
243 243 241
103 103 102
0 0 0
0 0 0
0 0 0
0 0 0
135 135 130
221 221 212
225 226 217
231 232 226
235 235 229
237 238 232
235 236 230
227 228 221
67 67 63
0 0 0
65 64 59
194 192 178
179 176 164
0 0 0
0 0 0
93 91 86
161 157 147
190 186 174
170 167 156
0 0 0
0 0 0
0 0 0
0 0 0
50 49 46
0 0 0
155 152 144
166 163 155
0 0 0
0 0 0
0 0 0
0 0 0
0 0 0
0 0 0
32 54 111
39 64 131
39 64 131
40 62 129
40 62 128
39 60 126
40 61 124
39 60 124
249 253 253
248 252 252
244 248 244
241 243 239
232 234 229
241 244 240
237 239 234
220 221 214
236 236 231
219 220 213
234 236 230
231 233 228
0 0 0
0 0 0
223 224 219
229 230 224
224 225 220
223 224 218
230 231 225
176 177 173
95 95 92
33 33 32
74 75 72
149 150 144
206 207 200
215 216 208
220 221 215
210 211 206
121 122 118
40 40 39
81 81 78
163 164 157
103 102 98
0 0 0
206 206 198
219 219 212
0 0 0
0 0 0
162 166 171
154 159 168
147 155 169
144 156 172
136 151 170
129 145 168
116 133 162
109 128 156
100 120 152
62 76 101
27 35 51
13 21 35
35 52 80
64 92 137
69 101 152
64 99 153
64 93 141
45 58 81
43 43 43
79 79 76
158 158 152
218 218 209
220 220 212
216 216 208
65 65 62
0 0 0
193 193 188
182 183 184
173 174 178
171 174 179
163 167 178
98 110 134
0 0 0
124 124 123
236 237 232
242 243 238
226 226 222
127 127 125
48 48 47
74 74 71
154 154 148
216 217 207
223 224 213
225 226 218
228 229 220
228 228 220
229 231 222
228 229 221
222 222 213
134 134 124
0 0 0
111 109 101
178 174 159
171 167 152
41 40 36
0 0 0
123 118 109
154 148 136
171 165 150
174 168 155
128 124 115
53 51 46
39 37 34
104 102 95
133 128 120
0 0 0
107 104 97
171 168 159
133 130 126
73 72 71
32 32 33
25 25 29
50 52 63
57 70 112
45 70 137
45 70 136
44 69 136
43 69 136
43 69 134
44 68 134
43 67 133
43 67 131
247 249 247
243 245 241
240 242 238
229 233 226
229 232 225
220 221 214
209 212 205
204 205 198
209 210 203
203 205 198
224 225 219
235 236 230
240 241 236
236 237 232
228 230 224
219 221 214
207 209 204
209 212 205
217 220 213
223 226 219
223 226 219
219 221 215
223 223 217
214 215 207
209 210 203
211 213 207
213 214 207
208 209 204
205 206 206
196 200 201
195 199 200
193 196 197
202 204 203
209 210 205
218 219 213
202 204 201
185 187 189
165 173 183
169 175 185
165 169 179
165 172 182
152 163 181
137 152 174
124 142 169
110 129 164
97 121 161
105 125 161
88 114 160
85 112 159
81 110 158
76 107 157
74 105 156
72 106 157
72 105 157
74 105 155
131 142 163
204 204 201
226 225 217
225 224 216
222 222 213
229 229 221
224 224 216
208 207 200
196 195 192
182 184 185
160 166 176
151 156 169
159 163 173
148 156 173
118 133 163
84 108 154
189 191 194
230 229 224
232 232 227
233 232 226
233 232 226
233 233 226
224 224 215
209 208 197
209 210 197
216 217 204
217 217 206
217 217 206
219 219 209
218 220 208
214 216 203
208 209 194
198 196 181
181 178 164
165 163 150
162 159 144
150 146 134
135 132 123
123 119 113
116 111 107
112 107 104
109 103 101
111 105 103
115 108 106
117 111 108
114 109 108
112 107 109
113 110 110
117 113 115
120 116 118
113 111 117
114 112 121
109 110 123
96 101 126
94 101 129
100 107 136
88 100 140
58 83 143
51 78 142
50 78 141
51 78 141
51 76 140
51 76 140
50 76 139
50 74 137
236 238 235
227 229 224
212 215 209
207 209 203
203 206 200
195 197 191
191 194 190
198 201 198
196 199 196
189 193 191
195 200 197
220 222 219
226 229 226
221 224 221
211 215 211
196 201 201
187 194 195
208 212 208
213 217 212
209 212 208
200 203 200
204 207 204
217 218 214
208 211 208
198 201 202
194 199 200
196 200 201
191 198 201
187 194 199
186 192 198
189 195 200
188 194 198
189 194 197
187 193 197
182 187 193
178 184 191
177 184 193
166 176 188
161 170 185
164 171 184
152 162 182
137 154 179
129 146 173
118 137 169
117 137 168
127 143 169
129 147 172
120 140 171
119 140 172
115 136 170
106 129 168
101 124 167
100 125 168
102 125 166
121 138 169
146 155 168
185 186 184
210 210 202
216 216 206
216 216 206
215 215 206
207 207 199
187 188 185
150 158 170
117 132 162
123 136 163
114 130 164
99 119 160
108 127 164
84 110 157
83 107 157
160 166 178
214 215 210
217 216 211
220 219 211
221 221 211
223 222 212
215 214 203
201 200 188
199 198 186
201 198 186
199 196 183
201 199 186
205 205 191
202 201 188
193 192 178
183 181 167
178 175 158
168 165 149
156 153 140
145 141 130
134 130 120
122 118 113
112 108 104
104 99 97
99 93 94
95 89 94
91 87 93
90 85 92
89 85 93
91 87 97
95 92 102
106 104 111
113 110 118
106 104 113
100 98 111
96 97 114
96 99 119
103 109 129
147 148 159
117 125 152
99 112 149
83 102 150
53 83 145
53 83 145
54 84 145
53 83 145
53 82 144
52 82 143
51 79 144
223 225 220
216 220 214
205 208 204
205 208 204
204 207 205
191 198 199
176 186 190
188 196 201
195 203 205
208 214 211
207 212 213
191 199 204
166 179 192
174 185 192
184 190 192
168 178 186
149 166 184
170 182 190
181 189 196
184 192 196
186 193 198
185 194 197
195 201 204
196 202 206
189 196 203
174 186 196
166 179 192
164 177 190
164 177 191
170 181 194
171 182 193
168 179 192
162 173 190
159 172 188
159 172 188
157 171 188
157 169 188
149 164 186
145 160 183
139 154 181
133 150 177
130 146 177
128 148 177
135 154 178
145 161 182
150 164 180
144 161 181
135 153 178
130 150 177
127 147 176
124 144 176
119 141 176
113 137 174
119 138 172
130 148 174
141 153 173
157 166 176
176 180 184
180 184 184
176 180 180
173 176 178
158 163 170
140 149 165
127 139 165
89 116 162
86 113 162
81 111 160
77 108 159
77 108 161
81 111 161
80 108 160
111 128 163
159 165 176
196 196 192
211 211 203
204 204 194
193 193 183
179 179 169
163 163 155
156 156 148
150 150 143
152 149 141
153 153 145
149 150 143
148 148 142
152 151 144
149 149 142
146 146 138
141 140 132
139 138 130
135 133 128
126 124 119
121 119 117
115 113 111
108 106 106
107 104 106
105 101 105
110 108 112
119 117 121
122 121 126
117 117 122
120 120 124
134 134 134
135 133 135
135 133 136
113 111 121
109 109 122
137 137 145
149 150 157
151 155 167
139 145 159
145 148 162
101 116 155
56 88 150
55 87 150
55 87 149
55 87 149
56 87 148
55 87 148
54 86 148
211 217 216
202 209 210
197 204 205
193 200 204
187 197 203
202 209 211
195 202 206
155 173 189
141 164 184
177 188 196
198 205 208
163 178 191
157 173 188
167 179 188
174 181 185
172 178 179
172 180 186
178 186 192
170 183 194
170 181 195
167 180 195
172 184 195
163 177 192
149 167 188
138 159 184
132 155 183
129 152 183
127 150 182
126 150 182
132 154 183
135 155 183
137 157 184
141 159 185
146 163 187
148 165 187
152 167 188
157 171 190
155 169 189
156 168 189
156 170 190
154 167 188
159 168 187
151 165 186
150 165 184
149 163 181
147 162 178
141 157 179
130 149 177
128 148 178
122 144 177
113 136 175
104 130 171
101 128 171
109 133 170
95 124 170
100 127 169
103 128 168
113 134 168
138 152 173
122 138 168
112 131 165
112 131 165
121 138 165
125 141 169
112 132 167
84 115 167
82 114 164
81 114 164
82 115 167
84 115 167
84 114 164
104 124 164
121 133 162
162 165 173
181 182 184
155 161 169
141 149 161
145 150 160
141 148 158
139 144 153
147 150 152
145 147 147
143 148 149
135 143 154
126 136 150
144 149 153
144 148 150
138 141 141
131 136 141
131 139 150
143 148 153
144 147 149
145 148 149
142 143 141
145 146 146
140 143 149
147 148 152
186 185 179
195 192 186
191 189 182
180 178 174
170 170 166
168 167 165
169 168 166
178 177 175
184 184 182
178 179 176
213 212 208
214 213 209
189 191 190
182 184 188
156 160 169
148 153 167
126 139 168
124 137 169
64 95 151
59 91 154
59 91 153
59 91 153
58 90 152
144 168 190
124 153 186
126 153 185
133 159 186
124 153 185
149 168 191
181 193 201
188 197 204
137 159 184
161 177 192
170 184 195
187 196 204
182 193 201
173 185 196
179 189 198
161 175 188
182 191 198
157 172 188
138 160 186
127 155 185
124 152 184
121 150 182
116 146 182
110 142 181
108 140 182
109 140 182
108 139 182
108 139 182
107 138 181
107 138 181
105 137 180
104 137 180
104 137 179
107 137 179
109 138 179
114 140 180
116 141 180
117 142 179
118 142 179
121 143 180
131 149 180
134 150 180
122 142 177
116 137 174
124 143 173
122 141 171
115 137 171
96 126 170
93 124 170
92 124 170
91 124 170
88 122 169
89 121 171
91 122 171
92 125 171
91 124 171
90 123 169
95 125 171
97 126 169
94 125 170
95 124 169
111 132 168
107 131 169
90 121 167
102 127 169
89 121 169
86 120 168
85 119 168
85 118 168
86 118 168
85 117 168
87 116 166
109 128 164
145 152 167
137 146 165
110 128 157
129 140 163
117 132 159
127 140 160
141 150 162
170 172 170
178 179 176
172 176 175
131 145 166
104 125 157
118 132 157
127 139 158
112 130 157
105 125 156
105 125 158
124 137 160
139 147 162
149 154 159
151 155 157
150 155 158
155 156 161
168 168 168
188 187 182
191 189 183
200 196 191
210 208 201
218 217 212
202 201 196
197 195 189
212 211 203
211 210 202
219 219 211
217 217 209
217 216 209
184 184 181
169 172 172
177 179 181
171 174 177
194 194 195
202 203 203
164 171 184
70 100 155
63 96 155
63 95 155
61 95 156
116 151 188
113 149 189
115 150 189
116 150 189
122 154 187
170 185 197
196 204 207
189 199 208
132 158 186
212 220 222
241 243 241
239 242 237
237 238 235
229 231 229
225 229 226
227 231 228
233 235 232
190 200 209
118 149 184
112 146 184
112 147 184
110 145 185
109 144 185
108 142 185
109 142 185
107 140 183
106 140 183
104 139 181
104 139 181
103 139 181
103 138 180
102 137 180
102 136 180
102 136 180
101 135 179
100 134 179
100 134 179
98 133 177
98 131 177
104 133 177
99 131 177
99 130 176
96 128 175
96 125 173
95 124 171
89 123 171
87 122 171
87 123 171
89 122 170
89 121 171
87 122 172
85 121 172
88 122 172
89 122 172
90 124 172
95 127 174
95 128 173
97 130 174
95 127 173
92 126 171
95 126 173
106 132 173
96 125 172
90 124 172
91 124 171
88 124 170
87 123 170
88 122 170
87 122 170
86 121 169
88 120 169
88 120 169
103 127 168
128 141 168
107 127 164
109 128 159
142 149 164
161 166 171
165 171 172
170 174 172
183 184 178
185 186 181
172 176 176
127 141 164
187 193 195
123 142 167
95 122 163
100 124 163
107 130 166
128 141 162
129 142 162
132 144 161
145 151 160
150 153 156
152 154 162
157 160 160
154 159 166
144 151 165
167 170 171
205 203 199
224 223 218
232 232 227
210 208 201
216 216 208
213 211 203
206 203 194
210 209 200
213 213 205
210 208 199
186 185 180
159 160 161
157 159 162
161 163 168
198 198 195
206 207 202
202 203 199
138 147 170
96 119 163
67 102 160
66 101 160
121 156 193
119 155 192
118 154 191
118 154 191
122 156 190
129 158 190
137 163 190
132 159 187
183 195 206
246 250 249
237 239 235
216 218 213
216 218 213
215 217 213
226 228 222
226 229 222
227 229 223
206 212 211
139 164 190
130 158 187
116 150 188
112 148 187
113 148 186
111 147 186
112 147 186
111 145 186
110 144 186
109 143 186
109 143 186
108 142 185
109 141 185
107 141 185
108 140 184
107 140 183
107 139 183
106 139 181
116 143 182
116 145 182
106 137 180
104 136 181
102 136 180
101 134 179
99 134 178
99 132 177
99 131 176
101 132 176
102 132 175
113 139 177
118 142 176
115 141 177
114 141 179
107 137 175
102 133 175
100 131 175
98 131 174
96 130 174
96 130 175
96 130 175
96 130 176
96 130 175
95 130 175
96 130 175
100 131 175
94 128 175
93 128 175
93 126 175
91 126 174
91 124 174
91 124 173
90 123 172
88 124 171
88 123 170
90 122 168
86 118 167
88 119 167
105 128 163
138 149 163
171 174 173
168 172 175
169 173 177
195 196 189
181 184 180
149 158 168
186 188 185
215 216 208
195 197 192
163 170 177
178 181 182
188 188 184
188 189 183
171 173 173
147 155 167
143 152 162
151 155 159
153 155 156
138 147 164
112 130 160
159 163 170
200 201 195
225 225 219
237 236 231
230 230 225
212 210 202
207 205 196
209 206 198
209 207 199
201 200 189
198 196 184
191 187 177
169 167 161
140 141 141
128 129 135
123 125 133
133 136 145
183 183 181
186 185 183
177 178 180
152 157 171
102 123 164
69 107 165
124 160 196
124 160 195
123 159 194
121 157 193
118 156 192
118 154 191
116 153 191
135 162 191
227 231 230
243 246 242
232 235 229
213 215 210
183 187 184
185 188 185
209 212 205
209 212 206
206 208 203
190 195 196
145 168 191
145 169 193
144 168 193
139 165 193
137 164 194
126 158 192
117 154 190
117 153 189
116 152 189
116 150 188
118 150 188
115 149 187
114 147 186
113 147 186
114 147 186
120 149 186
128 153 187
151 167 190
207 210 210
204 207 207
163 175 192
128 151 186
36 43 54
0 0 0
144 159 179
153 170 192
151 169 190
153 169 190
160 173 189
157 172 187
150 166 185
153 169 185
178 186 192
163 177 189
154 169 187
170 182 193
139 160 182
126 150 181
122 147 179
116 143 180
110 140 179
103 137 179
100 134 178
99 134 179
98 134 178
99 133 178
98 132 177
96 132 177
94 130 176
95 128 177
93 126 175
91 125 173
90 126 173
87 125 173
86 123 170
87 122 170
86 124 169
94 126 167
121 140 166
141 153 170
154 163 171
127 144 166
151 161 172
176 178 175
185 185 179
198 197 188
208 208 198
214 215 204
209 208 198
201 199 187
209 207 194
196 194 184
117 116 110
48 49 48
41 44 48
89 99 113
138 151 168
138 151 169
145 154 168
180 181 181
141 141 136
64 64 60
46 45 43
121 120 114
182 178 170
188 185 175
195 193 181
116 114 107
0 0 0
113 113 106
158 157 149
141 140 136
127 126 128
116 117 122
107 107 120
103 106 119
117 117 127
138 140 143
172 173 170
168 170 170
152 156 166
80 113 166
128 163 199
126 164 198
126 162 197
125 161 197
125 161 194
144 169 196
158 181 198
146 170 192
237 239 235
240 242 237
229 232 225
212 215 208
179 183 181
188 191 187
197 200 194
175 180 177
159 165 166
171 179 181
163 180 194
159 179 198
151 175 197
136 166 194
132 162 193
132 162 193
123 158 194
123 157 194
121 156 193
122 157 192
126 157 189
142 166 192
149 170 192
149 165 179
103 111 121
171 177 183
193 199 202
200 203 203
212 213 211
188 193 198
177 183 189
173 179 189
44 49 55
0 0 0
129 149 177
140 162 188
141 162 187
149 166 186
147 166 188
147 165 187
151 167 185
188 193 195
215 216 211
211 212 207
215 217 212
221 222 215
195 200 200
172 182 191
155 169 186
141 160 183
174 184 191
127 152 182
125 151 182
124 151 182
124 150 183
121 147 183
118 145 182
112 142 181
106 139 181
100 136 179
97 132 176
92 128 174
87 124 172
86 124 173
87 127 173
88 129 173
87 129 172
89 128 171
95 129 171
96 129 171
118 139 169
141 151 164
140 150 162
149 158 167
169 173 171
184 184 175
194 193 181
199 200 187
196 195 182
196 194 181
196 195 182
78 78 74
0 0 0
0 0 0
0 0 0
0 0 0
73 85 98
139 154 175
147 156 169
122 124 124
0 0 0
0 0 0
0 0 0
0 0 0
100 98 93
204 202 190
203 202 189
121 120 112
0 0 0
118 116 110
166 165 157
162 162 156
153 152 148
140 140 139
132 133 134
128 129 133
121 122 127
124 125 133
130 133 141
123 131 148
118 129 154
96 121 163
129 165 199
129 166 198
129 166 198
137 169 198
175 193 208
192 206 212
208 216 217
216 222 221
231 234 229
234 236 230
227 230 223
219 222 215
208 210 204
209 212 205
179 184 182
160 168 170
160 169 172
189 194 194
185 193 194
156 176 192
128 161 192
126 161 193
126 160 194
125 160 195
124 160 195
124 159 195
124 158 195
122 158 194
149 171 193
197 204 205
204 209 208
94 95 93
0 0 0
188 190 186
194 198 200
201 204 202
197 201 202
156 172 191
145 163 189
152 167 187
150 167 190
134 159 189
168 180 195
178 187 198
173 183 194
162 175 192
153 171 189
154 170 187
180 186 190
196 198 195
219 220 214
212 213 206
210 211 202
201 202 194
193 194 188
190 192 186
200 199 194
193 195 191
190 194 195
154 170 187
146 165 186
138 161 186
139 162 186
139 160 186
137 158 185
139 160 185
141 160 183
140 161 184
143 160 182
170 182 192
148 163 184
127 148 175
123 147 176
116 143 174
110 138 174
106 135 174
102 135 174
100 134 175
98 133 173
104 135 171
108 136 169
104 136 172
113 141 172
133 150 171
148 160 170
154 163 169
158 163 163
162 164 161
131 134 133
0 0 0
65 71 77
143 150 157
130 140 152
28 33 39
0 0 0
118 134 155
140 152 170
37 38 38
0 0 0
160 159 148
186 184 173
55 54 51
0 0 0
194 193 183
220 220 207
134 134 126
0 0 0
131 128 120
180 177 165
168 168 159
158 158 151
146 146 142
137 138 136
126 128 131
116 119 129
107 113 130
96 109 133
86 100 128
92 109 144
86 121 169
138 171 200
138 172 199
155 181 203
174 192 207
220 226 224
229 233 229
224 226 223
224 227 222
224 227 222
228 231 227
213 217 213
198 205 204
188 195 196
17 19 19
42 45 47
132 139 142
69 71 70
35 36 35
109 110 108
194 200 198
178 192 204
175 192 202
28 32 35
0 0 0
149 172 192
143 172 198
134 166 197
25 34 42
0 0 0
157 173 186
82 91 99
0 0 0
0 0 0
0 0 0
115 120 125
187 192 196
169 181 193
149 168 189
131 158 189
128 157 192
34 44 56
0 0 0
177 181 186
215 216 212
55 55 54
37 37 36
166 168 169
93 93 91
41 41 40
98 97 94
188 187 179
212 211 203
199 200 191
180 183 181
159 170 177
159 171 177
174 179 183
154 160 161
81 88 94
30 38 46
15 22 30
45 59 75
96 118 142
119 150 185
119 150 184
99 125 155
85 91 97
51 52 51
48 50 50
110 111 109
168 172 175
143 160 181
129 151 179
129 152 180
128 150 178
124 149 178
124 150 176
109 132 158
60 74 92
25 34 45
13 20 28
39 54 71
77 106 137
102 139 178
110 139 175
113 140 172
125 144 167
144 155 166
108 115 121
0 0 0
99 108 117
138 152 169
125 146 172
69 83 98
0 0 0
98 112 133
126 140 156
0 0 0
48 52 56
163 169 176
195 194 187
126 124 119
0 0 0
151 149 139
189 188 175
124 122 113
0 0 0
121 120 112
149 150 143
138 138 136
131 131 131
124 125 129
114 118 125
110 115 127
112 119 135
106 118 139
101 118 148
108 118 140
143 148 159
134 143 161
162 186 206
167 191 206
178 197 209
191 204 211
207 214 217
197 209 212
180 196 204
165 187 202
176 193 205
173 192 206
162 186 203
151 177 199
148 175 198
11 15 19
4 6 7
0 0 0
0 0 0
0 0 0
0 0 0
77 79 76
198 201 198
214 217 214
30 33 35
0 0 0
167 183 196
180 195 206
177 193 204
36 41 45
0 0 0
152 172 189
77 90 101
0 0 0
0 0 0
0 0 0
135 137 131
206 208 203
187 192 196
194 200 201
168 180 196
131 160 192
42 48 56
0 0 0
172 178 184
195 200 200
49 50 50
7 7 7
7 7 7
0 0 0
0 0 0
0 0 0
69 70 68
182 186 187
179 185 184
145 163 180
167 178 187
194 196 194
202 203 197
53 54 53
0 0 0
0 0 0
0 0 0
0 0 0
0 0 0
104 136 168
106 137 172
15 18 22
0 0 0
0 0 0
0 0 0
0 0 0
34 34 33
189 192 189
134 157 180
112 144 179
99 138 180
98 137 180
97 134 174
24 34 45
0 0 0
0 0 0
0 0 0
0 0 0
0 0 0
95 128 163
108 142 180
112 142 177
113 142 177
127 150 176
99 120 141
0 0 0
52 64 79
111 136 167
101 132 165
33 44 57
0 0 0
91 104 117
106 126 148
0 0 0
68 75 82
162 170 177
200 198 190
144 142 135
0 0 0
127 126 118
170 171 164
117 119 117
0 0 0
109 114 120
133 140 151
128 131 138
120 125 137
115 124 138
110 119 136
112 120 138
118 128 144
121 131 152
120 134 158
128 137 157
161 163 168
163 165 167
171 194 210
178 198 209
178 199 209
180 198 209
174 195 208
165 191 205
160 187 204
155 184 203
154 182 202
158 184 204
155 181 203
151 179 203
149 177 204
11 16 20
0 0 0
103 118 130
165 182 193
163 177 185
57 62 64
0 0 0
149 155 156
191 198 197
28 31 34
0 0 0
148 173 193
158 181 203
155 180 201
32 39 44
0 0 0
151 172 190
155 179 200
66 77 87
0 0 0
147 161 174
184 192 200
177 186 194
193 198 198
201 203 201
176 186 195
148 170 194
41 48 57
0 0 0
130 155 180
145 168 194
37 43 49
0 0 0
99 107 113
153 166 177
127 141 157
0 0 0
0 0 0
130 152 172
152 168 182
150 166 182
189 193 192
214 216 207
213 215 205
196 197 191
198 199 191
180 186 187
184 190 191
86 94 101
0 0 0
97 125 153
100 129 160
0 0 0
122 123 120
217 217 210
215 216 208
209 210 202
210 211 204
177 182 178
150 159 166
130 149 171
104 143 180
111 145 179
135 158 181
206 212 210
236 238 230
236 239 231
209 212 206
93 97 99
0 0 0
89 117 149
109 144 183
110 144 182
110 144 182
198 204 207
212 216 213
64 67 69
0 0 0
0 0 0
0 0 0
0 0 0
0 0 0
69 91 116
95 118 147
0 0 0
71 78 87
161 170 179
176 181 183
135 135 131
0 0 0
112 115 116
155 164 173
111 125 141
0 0 0
99 122 153
117 142 176
120 142 174
119 141 172
125 146 172
151 161 170
144 152 164
127 143 167
117 135 164
119 135 161
119 134 159
131 142 162
133 147 169
175 198 212
172 197 211
168 194 209
162 191 208
160 190 207
164 190 207
158 186 207
158 187 207
160 187 206
161 189 208
158 186 207
155 185 205
154 183 206
12 17 21
0 0 0
143 171 193
147 179 203
151 180 202
101 123 139
0 0 0
105 125 141
150 178 200
22 28 34
0 0 0
141 169 192
154 182 204
155 182 202
30 37 42
0 0 0
150 174 193
152 178 202
63 76 88
0 0 0
122 151 176
139 170 198
141 169 199
144 170 197
147 172 197
146 172 196
149 173 198
41 49 58
0 0 0
128 156 185
136 166 198
32 41 51
0 0 0
122 149 176
133 163 194
129 162 194
28 38 48
0 0 0
118 148 175
126 158 189
137 162 186
185 191 191
208 209 201
205 206 197
186 187 181
152 153 148
118 120 117
84 87 86
23 24 23
0 0 0
102 127 151
119 153 186
84 88 91
0 0 0
41 42 39
105 107 101
137 139 132
168 171 165
159 166 163
142 150 155
132 145 157
143 161 178
174 183 187
207 210 203
229 230 223
196 197 190
155 157 150
110 111 106
24 25 24
0 0 0
125 135 145
153 169 185
165 178 190
171 184 195
223 226 222
235 236 229
203 204 198
89 94 98
28 35 42
62 77 94
71 90 109
0 0 0
77 100 125
97 124 155
0 0 0
52 69 87
118 149 185
122 151 184
86 103 125
0 0 0
89 106 127
137 160 185
124 141 162
0 0 0
126 146 170
119 149 184
116 145 178
131 149 173
163 169 175
186 188 187
184 186 186
165 171 175
147 159 176
128 149 174
138 156 177
170 176 184
191 194 194
173 199 213
161 194 214
162 193 213
168 196 212
179 201 212
194 209 214
184 204 211
173 198 207
166 195 208
160 191 208
157 190 208
157 189 208
157 187 208
14 18 21
0 0 0
155 177 195
162 187 206
159 187 207
106 127 143
0 0 0
105 128 145
149 181 204
22 29 35
0 0 0
139 169 193
145 178 203
144 177 202
4 6 8
0 0 0
139 168 193
145 177 204
62 77 89
0 0 0
134 159 179
156 181 202
172 190 205
178 195 207
180 194 207
181 195 207
184 196 207
53 57 61
0 0 0
146 167 189
148 175 201
35 44 52
0 0 0
135 161 188
139 169 199
135 168 198
40 53 64
0 0 0
132 158 181
140 168 193
134 164 191
175 186 192
211 212 204
198 199 192
91 92 87
69 69 66
155 155 148
163 164 159
105 106 105
0 0 0
108 126 143
126 160 190
130 158 182
163 168 163
138 139 133
97 98 92
17 18 16
0 0 0
129 135 133
145 151 151
144 151 150
168 174 170
199 201 193
216 218 209
107 108 103
80 80 76
168 169 162
182 184 174
116 118 112
0 0 0
152 154 149
189 191 185
206 207 199
221 223 214
233 234 226
232 233 224
212 214 206
166 173 175
135 151 170
125 156 187
67 90 111
0 0 0
89 117 144
104 136 168
0 0 0
37 50 64
118 153 189
119 153 189
71 91 113
0 0 0
92 118 145
129 156 189
118 144 173
0 0 0
126 151 181
127 156 188
125 153 185
143 157 175
149 163 179
169 175 180
172 176 178
157 164 172
154 160 167
157 161 167
173 176 175
198 196 190
192 191 186
124 169 124
126 172 129
121 170 118
120 172 112
116 171 99
110 163 91
114 168 93
117 171 96
117 167 98
113 166 94
116 168 102
114 165 108
118 166 116
10 16 8
0 0 0
100 119 95
162 188 159
153 178 158
49 62 59
0 0 0
121 150 157
153 187 198
40 51 57
0 0 0
115 139 158
148 179 203
110 134 153
0 0 0
0 0 0
143 173 196
150 182 205
66 81 93
0 0 0
129 153 173
150 176 198
160 187 204
164 189 200
158 187 190
153 185 184
155 183 179
44 53 51
0 0 0
149 177 175
157 184 192
39 47 51
0 0 0
151 174 189
158 183 198
157 183 195
55 62 65
0 0 0
185 195 196
186 200 207
181 194 201
188 196 197
188 195 196
146 153 152
0 0 0
96 98 95
159 173 181
132 155 173
46 54 59
0 0 0
109 130 148
131 163 189
136 164 187
174 182 184
188 191 182
169 172 164
97 101 97
0 0 0
91 96 97
131 140 142
142 152 155
157 168 171
175 183 181
163 164 156
0 0 0
109 110 103
199 199 186
186 185 173
63 63 58
0 0 0
155 154 146
173 176 170
187 187 178
192 193 185
223 223 212
212 212 203
74 75 72
72 74 75
126 137 151
113 138 161
19 27 34
0 0 0
112 145 176
119 155 186
16 24 32
0 0 0
103 132 163
114 147 180
30 41 51
0 0 0
114 144 174
128 160 195
130 160 195
130 161 194
135 164 193
141 166 194
143 167 192
141 166 183
140 160 165
140 163 164
134 154 148
126 147 136
120 138 124
122 138 113
121 136 106
124 139 102
120 136 100
82 130 43
94 143 50
94 146 52
96 150 49
103 161 54
110 170 61
107 167 59
108 168 60
112 174 68
116 177 68
110 173 64
112 173 67
108 170 64
5 14 2
0 0 0
3 8 1
0 0 0
0 0 0
0 0 0
34 59 20
102 158 73
100 157 76
54 86 44
0 0 0
0 0 0
0 0 0
0 0 0
8 15 10
0 0 0
137 177 162
147 188 176
77 101 94
0 0 0
0 0 0
77 107 75
128 180 112
119 175 91
111 170 78
109 168 69
103 161 64
26 46 14
0 0 0
96 147 64
107 163 77
25 43 18
0 0 0
105 157 84
109 166 84
106 162 77
29 49 18
0 0 0
90 134 62
108 147 91
129 161 110
129 163 106
113 152 98
93 127 92
0 0 0
0 0 0
0 0 0
0 0 0
34 43 50
0 0 0
104 131 151
108 134 156
0 0 0
0 0 0
0 0 0
0 0 0
0 0 0
0 0 0
123 134 140
151 165 170
161 170 171
168 174 172
190 193 183
157 159 151
0 0 0
0 0 0
0 0 0
0 0 0
36 37 36
0 0 0
118 121 118
146 152 149
150 156 153
166 170 163
194 194 183
201 202 190
83 83 78
0 0 0
0 0 0
0 0 0
0 0 0
84 100 116
134 163 191
131 163 192
84 108 130
0 0 0
0 0 0
0 0 0
0 0 0
73 87 100
142 171 196
134 166 182
86 110 111
0 0 0
85 109 82
115 145 91
109 138 65
108 137 56
105 132 49
99 124 41
101 125 45
116 136 51
100 125 39
96 125 41
95 124 40
89 117 35
87 116 34
80 129 36
83 134 38
82 131 40
80 128 39
85 136 36
86 138 38
90 146 42
94 150 43
95 151 45
98 159 45
106 169 52
109 172 53
108 170 52
7 17 2
0 0 0
96 152 51
52 84 26
18 33 6
57 93 29
101 159 55
102 164 58
106 167 58
94 151 52
47 80 22
10 24 3
29 53 12
69 114 35
40 69 18
0 0 0
92 148 75
101 164 90
84 139 73
32 56 20
13 28 6
61 99 37
104 161 69
106 164 70
106 160 68
101 157 64
107 164 64
25 44 11
0 0 0
98 148 58
96 148 53
20 36 7
0 0 0
89 140 49
95 148 54
88 137 48
23 41 8
0 0 0
88 141 46
98 153 50
103 161 57
107 161 60
108 161 60
103 154 58
70 107 39
27 44 12
19 33 8
56 87 36
73 111 59
0 0 0
70 95 85
126 170 163
105 139 145
60 81 87
28 39 43
27 37 41
60 77 86
110 137 152
137 167 186
137 167 185
146 167 180
155 169 177
155 171 180
169 180 182
128 132 128
55 56 54
44 45 43
128 129 123
154 156 148
0 0 0
106 108 103
179 181 172
181 183 172
173 175 170
162 166 163
160 167 164
140 146 148
82 85 85
26 29 30
43 47 51
123 129 132
183 190 190
186 192 195
180 189 196
192 200 199
117 129 131
37 48 52
21 30 31
70 94 86
111 152 113
109 152 76
104 145 47
72 96 27
0 0 0
86 103 35
126 142 53
121 138 51
107 131 41
105 132 45
104 131 43
102 131 41
101 129 39
96 122 34
94 122 34
99 121 36
96 120 34
95 113 34
93 148 38
94 147 36
95 150 37
101 156 42
99 154 42
94 150 39
94 146 44
89 144 38
88 144 35
92 148 39
95 151 42
99 158 45
102 160 48
6 14 1
0 0 0
105 167 51
112 175 54
111 174 54
111 178 56
116 181 60
118 184 64
117 181 64
115 182 60
115 180 60
112 175 63
108 170 62
109 171 61
111 172 64
111 175 65
117 182 68
115 179 71
110 171 65
105 167 57
105 166 58
103 162 52
105 165 56
100 159 54
101 158 55
95 151 50
96 151 52
95 151 51
100 159 55
101 160 55
109 171 59
116 181 63
122 189 65
125 193 65
122 191 65
124 192 66
132 199 71
130 196 72
134 198 73
135 199 78
127 193 72
130 195 72
133 200 71
130 197 70
128 196 63
114 181 54
112 177 51
111 177 51
111 177 50
108 172 50
103 168 48
104 168 48
108 171 57
109 171 62
104 166 65
105 165 72
108 165 86
119 176 109
124 179 122
132 184 137
133 185 149
135 181 158
137 179 169
140 177 175
147 177 175
157 179 178
167 184 180
184 195 182
195 201 183
198 206 186
185 193 177
168 178 161
151 164 148
143 163 150
141 168 154
137 168 149
137 167 139
135 165 130
137 169 128
133 169 123
149 182 131
155 191 132
149 185 121
137 178 107
125 168 87
114 161 69
106 152 52
104 147 44
101 144 44
104 138 43
100 133 42
104 135 43
116 141 49
123 145 50
117 145 49
110 140 45
105 139 42
105 136 39
97 122 33
98 121 36
99 123 35
104 122 37
107 125 37
102 120 37
106 125 40
109 132 46
107 129 43
92 146 35
91 145 36
93 148 39
92 146 38
92 146 37
94 150 40
94 149 43
92 147 38
96 153 42
95 153 44
93 150 39
87 144 35
89 148 39
4 12 1
0 0 0
94 152 44
104 167 50
108 173 51
115 181 57
118 185 60
117 184 60
118 185 58
119 186 60
119 186 62
118 184 61
110 175 57
101 162 55
98 155 56
93 150 55
94 151 56
97 154 57
97 155 57
99 157 60
104 163 63
106 166 60
106 168 54
108 174 52
113 178 55
111 176 51
113 176 51
111 175 52
112 176 50
111 176 47
110 175 46
108 174 45
104 170 42
109 175 46
112 183 46
118 189 51
121 192 50
120 193 51
120 191 51
119 192 50
118 188 50
120 190 53
118 188 50
117 188 50
118 191 51
115 188 50
111 181 46
107 176 46
107 174 45
107 175 46
103 169 45
101 167 44
102 167 46
102 166 46
100 165 45
101 166 46
104 169 48
106 173 50
105 172 50
106 175 46
105 175 46
105 176 47
103 173 45
101 170 45
102 169 49
101 167 50
105 173 51
111 180 52
120 190 55
112 186 50
113 184 48
118 187 50
114 186 50
116 185 53
118 187 52
119 187 52
118 185 48
114 179 47
112 175 52
110 172 54
111 169 57
106 159 51
104 154 50
99 146 47
97 144 44
96 142 40
101 143 41
99 140 41
104 142 42
102 142 43
101 140 43
102 142 42
99 139 36
99 138 37
101 139 38
104 135 39
95 124 31
96 126 34
98 124 33
107 130 39
107 131 41
107 132 40
107 136 42
102 138 39
100 139 37
102 143 36
95 140 34
108 167 39
105 165 39
110 170 42
109 170 41
110 172 44
111 174 46
111 173 44
113 178 46
111 177 43
110 176 42
109 174 43
109 174 43
110 175 43
6 16 1
0 0 0
109 174 45
116 184 50
118 186 51
120 190 53
121 190 56
123 192 59
121 191 58
122 192 57
124 195 59
123 194 59
122 193 57
125 197 58
126 199 58
124 193 61
120 190 57
119 188 60
119 188 57
116 184 54
113 180 55
110 176 56
108 174 52
109 174 51
106 170 46
105 170 45
101 164 44
98 160 41
94 157 39
93 154 38
92 152 36
92 152 37
94 156 38
93 154 38
96 157 37
99 162 40
106 170 44
105 170 43
104 168 43
102 166 44
104 168 47
101 166 41
101 165 43
103 169 43
105 169 44
106 170 45
105 170 46
103 167 44
102 165 43
99 163 41
101 164 44
102 165 44
103 165 45
104 167 44
103 166 48
106 168 49
102 165 45
101 165 40
103 168 41
101 168 38
99 166 39
98 167 40
98 164 36
96 163 34
96 159 36
97 161 38
98 161 39
97 159 38
94 157 34
93 155 32
94 155 35
95 157 35
92 153 33
89 150 36
89 148 36
90 150 36
96 155 41
95 152 42
93 149 43
90 145 40
89 142 43
95 142 45
95 140 45
94 140 44
100 144 47
100 145 45
98 143 42
99 139 41
98 139 42
95 132 37
94 134 39
94 136 35
93 135 36
97 132 35
100 134 38
104 137 40
111 139 43
121 151 50
114 150 44
107 147 42
99 144 39
98 146 38
99 144 35
103 138 38
104 139 40
104 137 36
98 129 36
116 183 44
117 184 42
118 185 41
116 183 38
115 184 39
117 187 39
119 189 41
120 189 43
118 187 43
118 187 42
120 190 45
119 191 45
122 194 48
124 195 50
121 192 48
121 192 50
123 191 53
120 187 51
120 186 55
118 185 52
118 185 52
119 185 55
118 186 52
114 183 52
114 181 47
117 184 52
117 185 53
116 182 54
111 177 50
111 176 51
111 174 50
111 174 53
106 168 50
104 165 46
104 167 48
105 167 49
107 167 50
108 168 52
107 167 52
107 166 51
108 166 53
106 166 51
105 168 48
106 168 47
104 167 45
106 171 44
107 171 43
105 167 44
102 165 42
102 165 40
99 162 41
101 164 41
102 163 43
103 165 40
102 164 40
104 168 43
103 167 40
100 163 39
103 166 43
101 166 41
102 166 41
104 167 44
105 166 46
104 166 45
104 165 46
104 163 44
103 161 44
99 159 42
98 158 39
97 157 40
99 161 41
98 161 37
96 160 34
95 159 35
96 162 33
99 162 32
98 161 33
96 162 33
97 161 36
96 157 37
95 156 34
95 157 31
96 160 35
99 162 36
102 167 38
98 162 36
95 155 36
94 152 38
93 151 39
96 155 40
101 159 43
95 153 41
95 152 44
92 148 42
95 147 43
97 146 45
95 142 45
92 140 40
95 143 45
97 145 44
98 143 45
97 141 44
98 142 44
103 146 45
107 147 45
109 152 49
107 151 45
106 152 46
107 151 43
113 154 47
117 157 47
113 154 41
110 149 44
104 141 38
101 139 36
104 139 39
101 138 41
105 137 41
106 136 42
105 133 41
107 172 39
107 171 36
107 173 38
107 173 38
107 174 35
113 178 39
109 176 39
112 180 41
113 182 42
111 179 41
116 183 43
112 182 42
114 183 43
115 185 45
117 187 44
118 189 47
120 191 47
120 191 48
120 191 47
121 193 52
122 195 52
126 199 55
127 200 53
126 199 54
124 198 52
127 202 55
123 198 52
123 198 50
123 196 50
124 196 51
122 194 56
120 190 54
123 192 57
119 188 54
116 185 54
115 183 53
117 183 57
119 186 56
121 188 59
121 187 57
122 190 60
123 192 59
124 193 61
121 192 59
124 195 59
124 194 57
125 195 58
123 193 56
121 191 57
123 191 58
124 191 61
125 193 59
126 194 59
126 195 59
124 192 60
124 193 56
123 191 56
122 190 58
120 185 55
120 187 54
121 187 56
119 188 53
117 185 55
117 182 53
114 177 53
113 176 53
111 176 50
110 173 48
109 174 48
111 176 48
109 173 47
109 174 46
108 174 44
111 178 43
112 178 46
110 178 44
113 177 46
111 175 45
108 174 43
104 169 42
107 172 41
111 178 42
110 177 43
110 178 40
112 180 45
109 174 44
104 165 42
101 162 41
102 162 44
105 166 46
108 170 46
111 174 47
109 171 49
106 166 49
100 160 44
98 156 43
102 158 47
101 155 47
97 149 42
100 149 46
99 148 42
94 141 39
98 148 42
100 149 43
98 148 43
95 147 37
96 147 38
92 142 35
92 139 37
96 140 38
94 142 40
96 139 42
98 137 41
98 141 41
94 136 38
94 135 39
91 135 36
90 132 36
90 133 34
95 137 39
99 162 26
98 164 27
97 164 27
99 163 27
101 165 29
101 166 28
101 168 31
99 165 29
98 163 29
98 164 30
98 164 29
99 165 30
98 164 28
93 159 26
94 160 27
99 167 28
101 168 26
103 171 29
102 173 27
104 173 31
100 169 29
102 172 27
104 175 30
103 177 30
107 178 32
107 177 33
110 181 34
110 181 36
110 182 38
110 183 39
108 181 38
107 180 36
112 184 40
111 183 38
113 184 37
110 184 37
111 186 38
112 186 39
114 187 39
114 191 40
115 190 39
114 190 40
115 190 41
118 192 40
115 191 40
118 194 41
118 193 41
117 192 41
118 194 42
118 191 43
119 193 41
119 193 44
118 194 47
122 196 47
123 198 52
123 197 48
125 199 48
123 198 47
120 195 44
122 196 47
122 196 46
123 198 49
121 196 50
124 200 50
123 197 51
124 197 52
123 198 50
128 202 51
130 204 53
129 203 54
131 207 56
132 207 55
133 209 57
132 208 57
130 206 55
128 203 53
126 200 51
125 200 51
123 198 48
122 197 48
122 197 46
119 192 44
117 190 44
114 185 42
113 181 41
110 179 40
101 166 36
100 164 37
96 163 35
97 161 38
100 161 38
102 166 37
102 166 39
107 170 41
104 166 41
102 163 39
97 156 39
97 156 37
96 154 36
94 153 36
94 150 40
96 147 41
92 138 38
89 136 38
85 131 35
85 132 33
88 135 38
90 135 38
88 133 37
86 132 35
85 131 36
84 128 35
83 127 37
84 128 36
85 127 38
85 124 34
85 122 35
85 124 33
88 129 39
85 123 34
101 164 29
95 159 25
97 159 27
98 161 28
98 161 25
99 163 28
94 160 24
96 161 26
99 165 28
98 164 27
97 163 27
97 164 25
93 160 23
95 161 25
97 164 26
101 167 29
101 168 28
102 168 28
101 168 28
103 173 28
101 171 26
106 175 28
102 172 26
101 172 28
104 173 29
100 171 27
104 173 31
106 174 32
103 173 28
105 175 31
104 173 30
101 170 26
102 172 31
102 173 31
104 175 33
101 173 30
105 177 32
105 174 31
104 175 31
102 176 28
103 175 28
101 175 27
102 173 27
101 171 26
103 175 27
106 177 30
105 174 29
106 176 30
103 175 28
104 176 31
107 177 31
105 175 32
107 176 32
108 176 34
107 176 32
108 176 35
107 178 34
110 182 37
113 184 39
116 186 39
117 188 38
117 189 40
120 193 43
118 191 43
120 192 46
118 188 44
118 188 43
116 186 42
117 187 43
119 187 45
122 191 46
119 191 45
118 191 39
114 189 35
114 182 34
111 181 38
113 180 38
105 173 34
101 171 31
102 174 29
101 172 31
104 170 31
106 172 32
97 164 30
100 165 30
97 160 33
94 157 30
94 154 32
93 153 34
91 151 31
93 153 32
93 153 34
91 151 33
91 149 33
95 154 39
95 154 38
90 146 34
90 145 33
91 145 36
89 143 35
90 142 34
90 142 36
90 141 36
94 141 39
90 132 37
82 125 34
82 123 33
81 125 33
84 126 35
88 131 39
89 130 38
88 133 38
86 123 37
82 122 35
81 121 33
84 127 36
80 120 33
82 117 34
81 121 33
79 118 31
96 161 27
97 160 26
101 168 25
99 164 26
100 166 26
100 167 27
100 167 28
100 164 28
102 169 28
104 171 31
104 171 28
104 172 29
102 170 26
101 170 27
108 176 29
110 179 30
107 176 29
107 176 30
108 179 31
108 178 29
108 178 28
108 178 30
109 176 29
108 179 30
107 179 30
108 179 30
106 177 33
58 100 12
0 0 0
49 84 9
104 176 30
106 176 30
104 173 31
103 174 27
51 88 9
0 0 0
57 98 12
105 173 29
104 174 31
101 168 31
73 124 19
40 72 7
14 29 1
21 41 2
50 87 11
82 137 23
99 165 32
99 164 30
99 163 32
101 165 30
24 45 3
0 0 0
87 145 27
101 165 30
100 165 29
101 169 30
73 123 19
0 0 0
63 108 13
105 174 29
107 175 31
104 174 31
105 173 31
105 173 29
40 73 7
0 0 0
86 142 25
106 173 31
108 174 35
90 147 27
0 0 0
0 0 0
67 115 18
104 171 33
111 177 35
101 164 33
0 0 0
8 21 1
91 159 23
10 25 1
0 0 0
90 147 25
100 163 33
30 54 6
0 0 0
67 113 22
95 155 36
90 149 33
94 152 34
75 123 26
0 0 0
58 98 18
98 160 36
101 160 43
100 161 39
97 156 37
95 154 40
90 150 34
92 152 32
91 148 33
89 145 34
89 144 32
88 143 33
84 137 31
87 138 32
93 145 36
87 136 33
86 129 37
81 124 33
78 120 33
80 121 34
85 126 36
85 130 35
86 127 35
82 124 33
79 121 32
77 117 34
77 114 34
79 117 34
77 116 32
96 161 25
94 161 24
97 162 23
96 162 24
97 161 24
97 162 25
97 165 25
98 164 25
100 167 26
103 170 28
105 173 27
104 173 26
105 174 28
104 176 26
106 176 28
105 174 26
106 176 26
103 171 26
105 172 29
105 174 29
106 176 26
106 176 30
108 176 30
107 177 29
103 173 27
104 175 28
104 172 27
96 163 26
15 32 1
0 0 0
79 138 17
101 172 27
99 170 24
84 143 20
0 0 0
15 32 2
100 163 28
104 172 29
101 164 31
40 70 9
0 0 0
0 0 0
0 0 0
0 0 0
0 0 0
0 0 0
64 104 22
106 169 42
101 163 35
102 163 37
25 45 4
0 0 0
89 146 29
105 169 31
103 171 29
102 169 30
71 120 17
0 0 0
61 104 13
100 166 29
95 163 23
96 164 26
98 165 24
95 164 24
62 108 14
0 0 0
67 112 15
100 167 26
100 167 26
68 116 15
0 0 0
0 0 0
43 77 7
102 170 28
102 169 29
83 138 21
0 0 0
46 83 8
97 164 27
10 25 1
0 0 0
84 143 26
90 151 29
27 51 5
0 0 0
11 26 1
82 138 28
88 147 29
89 149 31
69 118 21
0 0 0
58 97 16
95 157 36
96 156 38
90 146 35
87 142 34
89 142 34
87 139 32
87 141 33
89 144 33
90 145 34
88 142 34
89 144 34
88 142 33
87 140 31
91 142 36
93 144 36
89 137 36
86 130 34
85 128 35
82 124 33
77 115 34
80 117 34
78 117 30
83 123 35
82 121 32
85 127 35
83 121 35
85 123 36
83 121 35
101 167 26
102 166 27
100 167 27
101 168 23
103 172 29
103 169 28
106 174 30
106 174 28
106 174 32
109 176 29
109 178 30
108 176 30
111 179 32
110 178 32
109 177 33
111 178 31
110 179 35
111 181 32
109 178 31
106 175 30
106 176 29
107 176 29
107 176 30
106 176 29
105 176 28
105 175 28
102 173 27
102 172 23
73 126 16
0 0 0
29 54 3
99 165 26
100 166 31
34 63 5
0 0 0
75 122 22
100 162 33
101 161 36
65 104 23
0 0 0
26 45 5
83 130 30
99 153 38
93 148 33
71 112 25
2 4 0
0 0 0
78 129 25
99 159 35
102 162 36
25 46 3
0 0 0
86 143 25
97 162 28
100 166 30
100 165 28
68 115 17
0 0 0
55 97 10
89 152 24
92 155 26
93 156 27
93 158 27
98 162 30
75 128 18
0 0 0
43 75 7
99 164 25
96 162 25
42 76 7
0 0 0
5 15 1
5 15 0
100 167 26
104 171 26
64 114 12
0 0 0
64 113 14
96 159 27
9 24 1
0 0 0
77 134 24
88 150 28
25 51 4
0 0 0
0 0 0
51 88 13
88 147 31
86 143 30
66 115 21
0 0 0
56 94 18
91 146 33
88 143 33
85 135 33
83 134 32
85 137 29
83 136 33
83 137 29
84 137 29
84 136 32
85 135 33
81 133 32
81 132 30
80 131 31
85 134 32
85 135 35
81 126 30
79 121 31
83 125 33
84 128 33
81 121 34
80 119 33
78 118 31
78 120 36
77 116 31
80 120 32
79 119 31
81 119 35
81 119 33
110 178 30
104 170 30
106 172 29
104 171 28
105 173 28
103 171 28
103 169 28
99 166 25
100 167 25
101 168 25
103 172 26
101 168 27
100 166 26
97 165 23
100 167 27
99 166 25
99 166 25
98 165 23
100 167 25
103 168 24
102 170 26
100 170 22
102 170 25
97 165 21
103 170 26
102 170 26
106 173 30
107 174 33
105 169 33
41 70 8
0 0 0
68 112 19
73 120 22
0 0 0
40 66 9
101 154 36
104 159 41
103 156 39
5 13 1
0 0 0
80 128 29
101 159 38
97 158 34
98 158 31
101 162 33
64 104 19
0 0 0
50 83 12
102 164 31
102 165 31
25 46 3
0 0 0
85 140 23
97 160 27
97 160 30
96 158 29
64 109 14
0 0 0
59 100 13
100 163 28
100 164 31
99 161 29
102 164 33
102 166 32
92 152 25
0 0 0
7 18 1
100 163 29
95 159 29
5 13 1
27 51 4
53 89 14
0 0 0
84 143 22
96 162 26
40 73 7
0 0 0
75 125 22
87 146 28
9 22 1
0 0 0
77 133 24
85 145 27
23 47 3
0 0 0
19 38 3
0 0 0
70 120 24
80 137 26
63 108 23
0 0 0
49 84 16
80 132 28
80 126 29
77 124 29
79 128 30
74 121 28
77 123 29
78 124 27
81 128 31
82 129 32
81 127 31
77 124 29
77 121 30
77 126 28
84 131 33
79 122 28
82 124 32
76 116 29
83 124 33
83 125 33
83 124 31
79 117 33
76 111 31
70 100 34
74 106 31
79 114 34
77 111 32
76 106 33
76 108 32
103 168 27
103 168 27
103 168 26
103 168 27
102 166 26
102 167 27
103 168 26
103 170 25
102 169 28
105 171 27
102 169 26
101 168 26
101 169 25
99 165 25
97 166 24
100 168 25
102 168 27
103 170 25
100 169 25
103 171 26
103 171 24
106 175 26
102 170 24
106 172 29
105 173 31
107 174 31
106 170 32
104 170 31
100 161 31
84 138 25
0 0 0
11 25 1
21 38 3
0 0 0
90 144 32
98 156 33
102 159 36
87 138 30
0 0 0
2 5 0
101 161 32
99 160 31
100 161 30
101 162 30
97 158 31
81 133 23
0 0 0
9 22 1
96 158 25
96 160 28
24 46 3
0 0 0
82 138 21
98 161 29
99 163 29
100 164 28
72 119 18
0 0 0
67 111 14
107 175 30
108 175 33
108 176 32
107 174 32
106 171 31
99 162 29
27 51 3
0 0 0
83 141 24
77 131 23
0 0 0
56 98 14
69 118 18
0 0 0
62 108 16
88 146 26
6 16 1
1 4 0
78 133 29
82 138 28
7 20 1
0 0 0
70 122 22
79 135 26
22 44 4
0 0 0
63 106 21
0 0 0
32 60 7
75 130 28
63 105 21
0 0 0
49 79 14
83 129 31
77 121 31
80 123 31
82 129 33
82 129 32
80 124 29
79 125 30
82 126 32
80 123 32
78 123 29
77 122 28
75 120 28
79 121 34
83 125 33
90 132 34
83 126 32
78 116 32
74 109 30
74 110 32
82 115 36
84 117 38
82 114 34
76 107 33
76 107 32
79 114 31
73 106 29
71 102 30
74 97 31
93 157 22
92 156 23
94 158 20
96 160 22
94 158 22
95 159 21
96 160 22
92 158 20
94 161 23
95 160 23
93 160 22
93 160 21
96 162 22
96 163 21
100 166 24
100 167 23
101 169 23
102 170 25
105 173 25
106 176 27
109 177 33
109 177 31
107 177 30
109 175 32
108 175 33
103 168 33
103 166 31
102 166 31
102 165 30
104 166 32
65 106 18
0 0 0
0 0 0
62 104 16
104 167 33
103 166 34
101 166 35
84 139 24
0 0 0
24 46 3
97 159 28
96 158 26
97 160 25
98 160 28
95 156 29
87 143 25
0 0 0
0 0 0
98 161 29
98 164 28
26 48 3
0 0 0
92 151 26
109 177 32
109 175 32
107 174 33
70 118 16
0 0 0
64 108 15
104 169 29
98 160 24
98 160 28
98 161 31
97 162 28
98 160 30
55 96 12
0 0 0
70 116 18
61 106 17
0 0 0
71 124 19
77 135 24
0 0 0
38 68 8
73 126 23
0 0 0
30 57 6
83 138 30
85 139 30
8 20 1
0 0 0
73 123 25
81 132 27
24 44 4
0 0 0
75 121 27
40 69 10
0 0 0
66 104 23
66 104 23
0 0 0
46 75 14
84 130 33
81 126 32
84 130 34
81 127 32
80 126 28
83 131 30
84 131 31
83 129 33
84 132 32
86 134 32
83 130 31
81 129 30
83 127 32
82 123 31
84 123 33
78 119 29
80 119 35
75 111 30
75 103 31
72 101 30
66 91 28
62 82 30
65 89 29
73 100 32
75 107 33
75 104 33
69 93 31
69 92 33
100 164 25
98 162 25
97 160 25
102 165 28
103 166 31
102 166 27
98 162 25
99 164 28
102 165 29
96 161 25
97 162 25
98 164 27
99 167 27
101 166 26
105 170 29
103 169 27
106 171 31
106 173 30
105 171 29
103 169 29
102 166 27
101 166 28
96 159 26
97 160 28
97 159 28
100 164 28
98 160 27
100 162 28
98 161 29
99 160 28
94 152 26
0 0 0
0 0 0
92 154 21
99 163 25
95 157 25
94 156 25
81 136 20
0 0 0
2 5 0
98 161 27
97 159 26
96 159 25
98 161 27
101 166 28
84 139 24
0 0 0
8 20 1
98 161 29
100 162 31
29 54 4
0 0 0
88 145 27
99 162 29
96 161 28
98 162 26
67 113 18
0 0 0
60 99 15
95 155 28
97 157 29
93 154 27
88 153 26
87 149 23
93 152 26
67 114 17
0 0 0
55 93 15
35 63 6
0 0 0
82 137 26
87 142 29
20 38 3
6 17 1
62 105 17
0 0 0
55 93 18
83 139 28
81 136 27
8 20 1
0 0 0
73 122 24
87 138 31
26 46 5
0 0 0
77 127 26
79 127 28
5 13 1
23 41 5
63 99 23
0 0 0
52 82 18
84 127 34
80 126 32
83 128 33
82 127 34
82 127 32
79 125 29
78 121 27
78 127 29
79 126 31
82 127 30
78 119 28
75 117 27
77 119 30
84 127 36
84 126 35
79 118 30
79 121 28
74 114 30
77 110 30
70 98 28
74 102 31
71 95 31
66 89 31
65 88 29
71 102 33
73 101 32
69 96 30
69 94 29
98 162 27
99 163 27
101 167 30
103 169 29
100 164 29
99 163 27
100 163 30
100 161 30
97 159 28
99 164 29
99 165 28
99 164 27
103 168 29
103 168 28
99 164 24
97 162 22
95 157 25
95 160 25
95 158 22
97 158 26
98 161 28
99 163 28
97 163 25
100 165 26
100 163 24
98 162 25
95 158 21
97 160 23
94 158 21
95 158 23
91 151 23
0 0 0
0 0 0
94 156 24
95 158 25
94 157 24
95 157 25
89 148 24
1 4 0
0 0 0
77 127 21
100 161 30
95 158 25
94 156 25
96 159 26
57 98 12
0 0 0
49 81 12
101 163 31
100 163 32
36 65 5
0 0 0
75 124 21
92 152 26
89 149 24
90 150 24
58 98 13
0 0 0
63 106 17
94 155 28
96 158 30
95 157 30
93 153 28
89 148 28
86 144 28
73 125 22
0 0 0
19 39 3
0 0 0
30 53 6
89 146 30
92 148 32
50 83 13
0 0 0
25 46 5
0 0 0
70 115 23
86 140 28
84 138 29
8 20 1
0 0 0
76 125 27
85 137 28
24 44 4
0 0 0
79 129 27
81 132 30
53 84 16
0 0 0
25 44 6
0 0 0
48 79 14
83 131 31
84 130 33
79 123 31
82 127 32
79 127 29
79 123 30
77 124 30
75 120 27
71 117 26
76 119 26
78 121 31
74 118 30
75 117 29
81 123 32
81 121 32
80 120 31
85 124 35
80 118 32
79 114 33
68 97 25
71 95 29
68 93 29
66 92 29
65 92 28
70 99 31
72 98 34
74 102 33
72 103 28
94 156 25
92 154 25
93 155 24
87 147 20
93 154 25
93 153 25
96 157 27
94 156 23
96 161 25
96 158 24
95 158 22
98 160 26
96 160 25
95 158 23
98 161 26
98 162 25
96 160 23
98 161 25
95 159 23
101 164 27
98 162 24
98 162 22
98 162 25
99 163 25
97 162 24
92 154 20
94 155 24
92 151 24
92 150 25
92 153 26
93 151 24
0 0 0
0 0 0
96 156 29
102 165 30
98 161 26
99 160 29
100 161 28
54 92 12
0 0 0
19 37 2
72 122 18
91 150 26
93 151 28
72 118 21
2 5 0
0 0 0
79 130 22
98 159 29
95 156 27
52 88 10
0 0 0
35 62 6
81 135 25
89 146 29
82 135 25
19 37 2
0 0 0
64 114 17
88 150 28
89 147 26
82 139 25
86 141 27
88 143 31
92 149 35
93 151 35
15 30 2
0 0 0
0 0 0
52 89 13
81 135 27
80 134 28
62 102 19
0 0 0
0 0 0
0 0 0
83 131 28
82 137 29
84 138 31
9 20 1
0 0 0
72 121 25
82 133 29
23 43 4
0 0 0
71 118 26
78 126 29
75 120 29
19 34 4
0 0 0
0 0 0
50 77 16
79 124 31
81 124 32
81 125 33
83 130 34
85 132 32
84 127 32
77 118 29
74 118 27
81 125 32
80 122 30
78 121 29
77 121 28
76 117 28
80 122 30
79 120 32
77 117 31
79 117 33
77 117 31
80 116 30
83 115 33
70 100 31
70 98 29
69 97 30
63 89 28
70 96 30
63 87 28
67 89 29
75 99 33
87 145 21
91 150 23
92 150 24
91 150 25
90 150 24
89 149 25
94 153 23
93 153 24
92 155 24
91 152 24
93 153 25
96 156 28
91 152 23
92 154 24
97 156 28
97 158 26
96 157 27
92 152 26
96 154 26
91 150 27
93 152 27
90 149 21
93 151 26
91 150 25
91 150 24
92 153 26
93 155 25
93 153 23
97 156 28
96 157 28
93 150 29
0 0 0
0 0 0
90 148 25
92 150 24
91 152 26
89 147 24
92 151 28
92 148 28
36 63 6
0 0 0
0 0 0
0 0 0
0 0 0
0 0 0
0 0 0
56 95 12
88 148 26
90 148 25
85 144 23
80 131 22
5 14 1
0 0 0
0 0 0
0 0 0
0 0 0
0 0 0
23 44 3
84 139 30
86 139 30
86 140 31
88 142 33
86 140 30
85 139 30
83 137 27
85 142 27
41 74 9
0 0 0
0 0 0
70 115 23
84 138 29
87 141 30
81 128 29
0 0 0
0 0 0
24 45 4
79 133 28
79 131 25
73 127 23
6 17 1
0 0 0
69 114 25
72 124 25
19 38 3
0 0 0
72 118 26
76 123 25
75 122 29
61 97 21
0 0 0
0 0 0
48 79 15
81 123 32
80 122 34
78 125 33
76 122 30
78 122 30
76 120 29
79 126 31
80 126 31
80 125 31
79 125 29
79 125 30
78 122 29
76 118 30
85 129 34
84 126 34
81 121 34
74 118 30
77 118 30
76 120 31
77 118 30
79 117 29
80 119 33
74 107 32
77 108 35
70 103 28
68 99 32
68 95 31
73 100 35
92 150 26
93 152 25
95 156 27
95 156 27
96 157 29
96 157 27
98 160 29
96 157 27
98 157 27
95 156 23
98 160 28
98 160 27
91 153 23
95 157 23
94 157 24
93 154 23
96 158 26
97 158 28
93 154 25
97 158 28
97 158 29
96 156 27
93 154 24
95 155 29
94 157 25
93 155 24
97 158 29
93 154 25
94 154 25
97 159 28
90 148 23
0 0 0
0 0 0
87 144 24
91 148 27
91 149 27
93 153 27
92 151 26
95 154 29
90 149 24
63 107 14
32 59 4
8 22 1
14 31 1
42 73 8
71 118 20
87 145 28
91 149 28
89 147 27
89 146 29
86 143 26
72 122 22
41 74 8
16 35 2
4 12 1
18 37 3
45 84 10
78 131 26
84 136 28
86 138 31
82 136 29
78 134 26
82 137 25
85 140 28
83 137 27
79 134 25
54 94 16
0 0 0
0 0 0
80 130 32
86 137 32
83 133 33
76 130 27
20 41 4
0 0 0
43 76 12
75 127 26
70 121 25
72 121 25
5 15 1
0 0 0
62 108 21
67 115 24
19 38 3
0 0 0
70 117 25
76 121 27
78 123 31
75 117 27
30 51 8
0 0 0
45 75 14
77 123 29
75 120 29
71 119 31
71 118 28
70 117 28
73 117 29
68 118 25
73 119 29
78 125 30
77 125 30
75 119 27
79 124 29
79 121 33
79 121 31
82 125 31
76 117 31
72 116 29
72 113 28
74 116 29
75 116 29
77 118 31
78 115 31
74 108 31
77 109 34
76 110 32
75 107 33
70 102 32
69 98 31
91 147 27
92 148 25
91 149 23
90 150 24
88 146 24
92 150 26
89 149 21
90 149 24
90 148 25
91 148 25
87 146 23
89 146 25
91 149 26
89 149 25
91 150 24
90 149 23
89 149 22
92 148 27
92 148 26
92 149 27
90 149 25
88 145 23
90 149 23
90 148 27
92 152 25
93 152 27
93 151 26
93 151 25
90 149 26
88 147 21
93 151 27
92 151 23
92 150 25
96 153 25
89 148 25
87 144 22
91 148 27
86 145 24
90 147 27
85 145 20
85 144 24
86 145 23
85 146 21
87 146 22
89 145 23
93 148 28
89 146 22
90 149 28
84 142 25
81 138 21
83 139 28
82 139 25
83 139 24
84 140 26
88 143 32
86 138 27
89 141 31
87 139 31
83 137 29
84 136 28
80 133 28
77 132 25
79 132 25
80 134 28
84 138 29
78 131 26
85 136 29
89 138 32
84 135 29
81 133 28
77 129 24
76 129 27
69 123 25
74 129 28
75 126 27
71 124 25
72 121 25
71 123 25
72 125 27
76 126 29
75 124 28
75 127 30
73 123 27
74 125 28
75 126 27
77 123 30
78 126 30
75 123 29
77 122 30
78 124 29
80 127 29
79 126 32
79 128 30
72 122 28
74 124 33
74 120 34
74 122 27
76 122 29
74 120 29
71 117 29
71 114 28
68 115 27
73 114 30
70 110 28
74 113 31
74 114 27
78 118 32
80 119 32
77 116 31
76 117 34
75 112 30
79 119 35
77 115 31
72 105 30
70 101 29
72 104 30
73 106 31
71 99 35
76 107 35
72 99 34
83 137 24
83 132 23
84 136 21
85 138 24
84 139 22
85 139 24
82 138 21
88 141 25
85 138 24
88 141 23
85 142 24
81 137 22
84 139 25
81 136 23
86 140 25
87 140 24
83 134 23
88 143 23
91 148 25
91 145 29
86 141 23
87 141 23
87 143 24
89 145 26
89 145 24
90 147 25
87 144 25
91 148 28
93 150 26
91 148 25
94 150 29
88 145 22
86 143 23
89 144 23
83 138 23
79 135 18
82 138 22
82 139 22
80 137 20
84 140 24
83 137 21
88 140 24
88 143 25
85 140 23
85 141 24
87 139 26
85 137 27
83 136 26
80 133 23
80 135 24
80 136 27
86 139 28
86 141 29
88 141 30
86 139 29
83 139 27
80 135 26
81 132 28
85 136 28
81 135 26
80 132 26
80 130 26
80 131 28
83 135 28
85 137 30
91 142 34
88 139 32
82 134 31
79 131 30
79 130 29
76 129 27
74 125 27
72 123 25
69 120 26
68 121 25
69 117 28
70 117 27
70 118 29
70 118 28
70 121 26
66 116 23
71 119 27
64 114 24
68 116 25
69 118 25
68 115 28
67 111 28
68 111 29
70 112 29
72 117 28
77 121 28
76 118 30
76 120 31
77 122 32
71 116 30
73 120 32
75 119 29
71 113 26
73 117 28
67 112 30
74 120 30
68 115 27
69 111 27
68 110 27
70 112 30
78 118 33
81 119 35
81 119 36
77 115 32
80 118 34
75 112 34
76 112 34
82 120 36
73 110 31
74 107 32
71 102 33
71 101 30
67 97 29
69 100 31
66 92 33
76 126 21
74 123 22
81 131 22
83 133 24
83 137 23
82 135 27
86 139 23
85 141 22
89 143 25
85 139 24
90 144 27
89 143 26
88 145 23
88 143 25
87 139 24
88 141 24
86 141 24
86 141 25
87 138 26
85 135 25
86 138 24
83 137 23
88 143 25
89 143 28
87 140 26
88 143 26
86 143 24
82 136 24
80 133 24
82 136 25
86 140 25
87 142 25
85 142 24
87 143 25
82 137 23
89 144 26
86 140 25
87 141 26
87 142 24
89 144 28
91 145 30
87 140 25
88 143 27
84 138 23
85 139 30
80 134 28
80 132 26
82 133 26
86 138 28
87 139 29
88 138 30
86 136 28
79 130 26
72 123 26
77 125 26
73 124 26
73 124 28
78 127 27
77 130 25
83 136 30
82 135 29
85 137 31
89 142 34
89 142 32
83 135 29
77 129 30
76 128 27
79 130 29
77 130 28
78 129 29
77 130 26
78 129 29
76 129 28
76 129 27
74 124 27
75 126 28
70 123 24
70 121 27
71 123 24
69 121 27
69 117 27
71 120 27
68 119 27
69 118 27
71 118 29
68 115 29
71 116 32
68 113 27
73 116 32
74 116 28
75 116 32
73 115 30
67 108 30
72 113 32
70 113 29
71 116 29
69 110 28
68 111 27
73 114 29
77 117 33
67 107 27
71 109 30
76 115 33
76 117 34
73 110 31
76 112 33
74 109 30
73 109 30
79 117 34
85 122 41
87 127 36
83 123 37
82 120 35
74 107 31
78 113 35
75 109 35
76 113 31
73 109 33
67 95 30
64 89 29
80 131 22
80 131 24
76 127 20
79 131 23
84 136 25
82 135 24
82 134 24
82 134 24
85 137 26
85 138 25
84 136 23
84 137 23
86 140 25
89 142 30
88 142 25
90 143 26
92 146 28
90 143 25
94 148 29
92 144 27
90 143 26
86 137 24
88 139 26
85 136 25
85 134 26
86 137 28
83 136 23
86 140 26
85 139 25
85 137 24
84 138 25
82 135 23
83 135 24
83 137 23
84 137 24
88 141 27
86 141 28
84 137 24
85 140 25
80 137 23
83 136 23
82 138 22
85 142 28
86 138 29
83 138 27
85 136 28
89 143 31
91 144 32
88 141 30
83 136 28
81 133 31
78 130 29
73 120 24
72 120 28
80 132 31
79 128 26
77 125 27
80 128 28
78 127 27
86 137 32
86 137 30
83 134 30
78 128 27
72 126 25
69 122 24
72 125 27
72 125 25
79 131 29
76 130 29
73 121 26
70 119 27
68 118 26
71 120 27
69 113 23
67 115 22
67 115 28
67 111 25
68 117 26
63 112 23
64 111 24
58 107 22
60 106 24
64 108 25
67 108 29
72 113 30
64 106 26
66 108 27
64 105 24
69 108 27
70 112 28
68 111 28
66 108 27
68 112 29
70 114 29
72 113 30
72 114 29
72 113 27
69 110 29
67 106 27
67 102 26
68 107 28
73 112 30
75 116 30
72 111 30
71 111 30
73 110 28
75 111 32
69 105 30
76 117 34
77 117 33
88 127 39
85 124 39
81 116 35
76 109 31
78 112 33
75 110 30
76 107 35
80 113 36
81 114 37
78 111 36
75 120 24
73 119 23
76 122 25
74 118 23
73 119 23
74 122 23
79 128 24
77 130 21
75 126 19
79 131 23
87 140 29
84 136 24
86 138 25
88 141 28
91 143 28
93 145 29
92 146 29
86 141 23
92 148 29
87 142 23
91 147 27
92 147 29
89 143 27
93 150 29
90 144 31
86 139 27
80 128 24
82 136 26
84 136 26
80 131 25
85 137 25
85 138 24
85 142 27
82 140 23
86 141 28
83 136 22
84 137 27
86 142 27
87 140 29
83 136 25
88 141 27
89 142 31
90 142 29
92 145 32
88 139 29
86 141 29
86 135 31
80 133 28
77 129 28
81 132 27
84 137 29
82 136 30
83 134 30
83 138 29
81 132 27
84 134 29
93 144 34
88 140 33
91 141 34
84 136 30
82 130 31
79 130 33
78 126 30
77 125 29
77 124 30
73 122 28
75 124 29
69 120 26
69 114 27
71 116 27
68 117 25
71 119 26
73 120 27
72 116 28
66 114 26
68 110 27
63 108 24
62 106 23
62 103 24
60 101 25
60 101 26
60 101 26
64 110 28
67 109 27
68 109 28
67 108 30
61 101 25
60 98 25
64 102 27
64 104 28
65 104 29
56 94 24
64 100 30
60 98 25
57 95 23
66 104 28
63 105 27
65 102 30
66 103 30
67 100 32
67 106 30
68 102 28
69 103 30
66 99 29
68 103 30
69 105 30
68 100 30
61 95 27
66 102 32
73 107 33
76 111 35
76 109 37
74 111 32
70 105 30
74 107 35
71 104 30
75 107 33
75 107 32
73 101 31
71 98 34
72 121 26
79 129 27
79 129 26
78 125 25
77 126 25
80 127 28
82 129 26
81 128 26
81 132 23
80 127 25
78 128 23
78 129 24
84 135 30
84 139 28
85 136 28
84 134 26
84 135 29
79 130 25
76 129 25
79 131 24
78 128 24
82 132 26
81 132 26
89 139 29
86 139 29
87 139 27
83 138 27
86 139 26
82 134 28
75 130 25
78 131 25
76 131 25
80 132 26
73 125 21
80 132 26
81 133 26
81 134 27
84 135 29
85 135 30
88 140 27
78 133 23
76 129 23
78 129 24
77 125 25
73 124 24
76 125 27
78 128 27
78 131 25
78 127 28
74 127 28
77 129 26
76 125 26
82 132 29
81 132 30
80 129 28
81 131 28
73 123 29
71 120 28
73 124 27
71 119 28
70 119 28
72 121 30
70 118 29
67 114 25
68 111 25
66 113 26
66 112 28
66 112 29
62 104 26
59 104 26
61 108 24
61 106 26
57 99 23
61 104 25
59 101 21
60 106 24
61 106 23
59 104 23
59 102 24
61 105 26
62 105 27
65 103 28
64 105 27
66 104 29
63 100 25
66 106 28
65 108 26
68 107 32
67 105 26
67 105 27
65 104 25
63 100 28
68 107 29
67 111 29
67 106 30
68 109 27
64 106 27
67 101 30
72 108 32
68 105 29
69 104 28
67 105 28
71 106 32
70 103 29
67 102 29
65 96 27
64 93 29
60 95 27
66 97 32
62 98 32
65 98 32
68 102 33
68 102 33
69 101 31
66 98 28
71 101 30
70 101 32
69 96 31
64 88 30
67 94 32
77 122 23
76 123 23
75 116 25
77 123 24
80 128 24
84 136 28
81 132 27
79 133 25
80 128 27
80 130 28
81 131 27
83 132 26
74 128 24
76 127 27
76 128 29
80 129 28
77 128 25
76 126 26
80 128 28
76 120 27
78 124 27
82 128 29
77 123 26
72 119 25
67 117 21
70 117 23
71 119 24
74 122 24
71 120 21
79 129 28
80 131 27
86 138 31
88 140 31
90 140 29
90 140 33
84 132 29
80 129 26
76 126 29
76 124 24
77 126 28
78 130 28
73 126 25
76 128 27
73 122 28
70 120 25
72 119 25
76 122 26
76 124 28
77 124 31
81 126 29
81 128 30
80 127 30
76 122 27
72 120 27
73 122 30
70 117 28
68 116 30
68 114 30
69 116 29
66 115 25
63 113 27
65 115 24
63 109 26
65 115 27
62 111 25
66 110 24
58 101 23
61 105 23
61 105 26
59 104 23
62 103 25
64 106 25
61 107 24
61 107 22
64 111 28
61 108 25
58 107 23
56 102 22
58 105 27
56 99 23
57 98 22
59 98 24
59 93 23
63 95 28
57 86 25
59 89 26
56 92 27
58 90 26
62 97 28
57 90 25
55 90 25
55 88 25
59 91 29
62 92 28
61 95 28
60 99 27
59 94 26
63 100 29
61 94 27
61 95 27
64 98 28
64 96 29
63 97 27
64 94 30
62 89 29
57 90 28
57 86 27
57 85 27
55 87 23
57 86 27
55 90 25
58 91 27
59 91 24
60 92 28
67 95 31
70 98 33
66 95 30
58 78 30
57 73 28
60 81 28
82 134 28
79 129 26
80 132 25
84 135 30
79 128 25
80 128 28
75 123 26
76 127 25
69 122 25
72 123 26
68 118 20
72 117 24
76 126 27
78 126 26
81 131 24
83 132 28
78 126 25
83 133 29
80 128 28
77 127 28
73 124 25
71 122 24
72 123 25
74 122 28
79 126 27
80 126 26
81 131 29
86 134 29
85 132 31
89 139 30
85 133 27
82 132 27
78 129 26
77 127 27
76 121 25
78 126 28
83 134 30
80 130 28
82 133 29
86 138 29
82 133 29
81 130 27
78 125 25
78 123 25
75 122 26
85 133 31
86 133 29
79 122 26
79 126 29
77 123 31
73 119 28
69 110 27
72 118 33
68 113 29
64 110 25
70 112 29
69 112 28
71 117 29
66 109 30
64 108 28
61 104 23
64 106 27
65 111 26
68 113 31
60 103 23
63 105 26
62 103 25
64 103 27
60 102 23
65 108 26
64 104 26
63 104 23
58 102 23
61 101 25
57 101 22
58 101 23
54 95 22
56 92 22
60 99 27
58 92 29
53 84 24
60 93 28
60 92 27
60 89 27
62 97 28
65 97 29
61 94 31
58 93 26
63 92 28
61 94 30
58 92 27
62 96 28
60 95 30
60 91 30
60 94 30
59 91 29
53 83 23
58 92 27
58 92 27
59 90 27
59 86 28
57 85 27
55 78 24
60 86 27
59 87 26
54 81 25
54 78 26
54 81 24
64 94 29
62 91 28
66 94 33
59 88 27
66 100 33
69 102 31
60 91 28
62 85 29
64 92 30
63 86 32
59 78 27
61 79 30
70 114 23
72 113 25
72 118 26
67 112 21
73 119 28
68 114 23
68 113 26
71 116 28
75 118 28
74 121 29
77 121 29
74 124 26
74 123 25
76 123 29
77 121 27
73 120 27
67 113 22
67 114 23
74 121 28
75 124 28
79 126 30
78 125 29
82 132 30
85 133 33
87 135 32
79 127 28
77 124 26
78 124 27
73 118 24
73 117 26
74 118 30
71 117 27
77 123 29
77 124 28
74 124 24
80 129 28
82 130 28
82 130 31
82 130 28
81 127 24
75 122 25
80 128 30
81 126 26
86 134 29
90 137 30
85 133 29
81 129 26
76 124 28
74 117 28
74 120 29
74 115 31
75 118 32
72 121 29
69 115 27
72 113 26
68 109 27
66 109 27
66 106 27
70 113 28
74 117 29
67 112 28
66 110 26
69 113 30
63 108 26
65 112 26
64 107 26
64 110 27
66 110 28
68 109 27
60 102 25
62 102 27
62 100 25
60 103 28
64 105 26
56 97 24
56 94 25
56 94 23
56 96 26
57 93 28
61 96 30
66 100 31
60 94 27
61 90 30
61 91 29
57 88 26
60 93 28
57 90 27
59 92 27
58 86 27
53 83 25
48 75 20
55 88 27
56 87 29
57 91 25
63 96 30
58 89 26
63 92 29
61 91 29
60 89 27
58 89 26
56 86 27
57 86 28
55 87 25
56 84 25
58 86 27
57 82 28
63 94 30
64 94 32
63 94 31
71 102 37
61 87 33
69 101 31
69 99 33
68 99 32
63 95 27
59 82 30
63 86 30
59 79 29
60 80 29
64 87 31
66 107 22
74 117 27
64 106 25
65 108 23
68 109 23
68 107 24
74 117 28
71 112 27
69 110 28
71 110 28
71 114 27
70 111 27
69 111 25
77 121 30
75 119 30
79 122 29
81 126 31
77 118 27
78 119 29
77 118 28
68 113 25
71 114 28
72 114 25
74 116 29
71 116 27
70 118 29
74 120 28
78 125 30
76 123 29
73 117 28
72 119 27
76 125 28
72 120 27
71 118 23
77 124 27
77 122 30
74 119 28
78 124 28
78 122 26
83 128 29
88 136 33
82 127 30
86 134 31
79 129 28
74 122 26
72 118 28
70 114 26
73 121 30
76 123 28
76 126 29
69 115 25
72 125 26
70 120 26
69 118 26
72 117 29
68 112 26
70 115 26
71 118 28
72 120 30
68 113 25
66 106 29
59 103 20
61 103 25
62 104 23
64 106 27
67 109 26
69 108 27
67 108 27
63 106 25
59 106 25
60 105 24
59 98 27
61 101 27
57 92 23
56 96 24
56 93 23
57 93 24
60 94 27
59 94 28
60 93 26
59 85 28
60 86 31
63 91 31
62 93 30
57 88 25
63 93 31
61 92 27
64 95 31
59 88 28
60 89 29
61 93 28
62 91 31
59 88 28
58 89 29
61 94 29
60 91 28
63 92 29
58 89 27
64 92 32
60 91 30
60 92 30
61 90 31
60 90 28
62 93 32
60 87 31
63 91 28
67 95 30
63 93 30
62 94 28
60 93 29
67 96 33
65 96 31
62 93 28
69 101 34
64 92 33
59 80 32
63 87 34
55 73 28
63 83 32
59 81 30
58 93 23
57 92 20
60 93 23
69 102 27
68 105 27
70 109 26
69 106 27
69 105 28
72 110 29
74 111 28
74 110 30
73 108 31
68 106 26
74 115 30
69 107 28
68 108 26
68 107 29
66 105 27
65 102 27
69 107 29
66 106 29
70 113 30
72 112 27
74 117 30
72 117 27
72 118 26
76 122 30
70 122 26
74 119 29
69 111 26
68 112 25
67 111 24
71 115 28
74 119 25
77 121 28
78 124 29
80 128 27
84 133 31
75 123 27
78 126 28
74 120 28
76 123 28
76 120 28
78 125 35
82 128 29
77 126 28
75 123 27
73 122 25
72 119 26
72 117 28
69 114 26
69 118 27
67 113 26
67 114 25
69 115 27
69 117 26
72 117 29
68 114 26
66 107 26
65 107 25
68 109 27
65 107 26
65 106 24
66 106 28
65 106 28
64 105 26
66 106 26
65 108 25
62 101 25
62 103 27
61 102 26
58 100 25
55 93 23
58 98 25
57 92 24
58 95 22
55 93 25
61 94 30
64 100 28
61 95 30
61 88 28
62 93 27
59 92 28
55 87 26
62 90 29
62 93 28
50 81 23
53 80 24
54 80 29
59 87 31
58 86 28
65 96 34
63 94 31
66 99 32
65 96 31
63 94 31
59 85 30
65 94 33
63 92 28
62 93 28
61 90 28
57 83 27
58 89 28
54 81 28
58 83 25
66 93 31
66 93 33
59 83 27
57 87 28
64 90 33
61 88 32
64 94 36
58 85 30
63 90 33
60 86 31
61 85 31
60 81 30
62 80 32
58 77 31
59 76 29
70 105 26
71 109 30
70 106 27
72 107 28
73 108 30
66 107 29
67 103 29
66 103 25
76 111 34
70 107 27
70 107 30
65 102 27
64 102 25
61 99 23
68 106 29
68 107 29
72 111 28
72 111 29
71 107 28
66 106 25
68 113 29
70 109 30
69 113 27
69 108 27
69 113 28
72 114 28
72 113 27
70 114 27
72 111 30
74 116 29
77 121 31
81 123 32
76 118 30
67 110 25
70 114 30
69 111 29
69 109 27
71 116 29
74 118 30
75 119 29
70 110 25
74 118 28
74 121 28
72 114 29
71 114 27
70 117 26
72 117 27
71 114 29
69 118 28
71 119 28
71 115 30
69 115 26
73 120 31
74 118 31
68 113 27
69 115 28
68 114 29
66 108 26
65 111 26
66 116 26
67 116 28
64 109 26
67 109 28
63 109 24
67 109 28
61 104 25
63 106 25
62 103 26
61 101 27
64 106 31
58 97 23
61 98 28
63 103 29
68 107 31
64 102 26
66 104 28
64 100 30
67 101 30
67 98 31
57 89 27
64 97 30
63 95 29
57 90 25
60 89 29
60 89 28
62 95 29
54 84 24
59 89 29
64 94 32
61 97 28
69 101 34
70 106 32
68 105 33
66 96 33
67 99 31
68 99 31
64 96 29
65 95 30
57 93 25
65 97 31
55 80 25
62 88 30
61 91 29
56 82 26
65 92 31
65 95 32
62 94 29
61 89 29
61 91 28
59 89 28
63 97 30
68 99 34
67 94 36
66 91 36
62 90 30
53 74 27
51 68 27
57 78 29
61 81 29
64 90 31
75 111 30
72 105 30
72 108 30
77 112 33
71 104 31
66 100 27
63 99 27
68 102 29
72 108 27
64 98 23
74 110 27
65 101 26
67 107 28
71 113 28
68 111 26
67 107 27
68 108 26
67 106 25
67 107 29
67 108 27
63 106 26
73 109 31
65 106 28
73 109 31
76 114 33
78 120 30
78 120 31
78 119 30
69 111 27
71 112 27
68 111 29
62 102 30
68 104 31
71 113 31
68 111 27
68 111 27
74 116 32
71 111 31
66 110 29
65 101 27
67 107 26
68 109 28
66 109 25
64 105 26
74 115 29
68 113 26
72 114 26
75 119 32
73 117 31
74 121 29
74 119 30
73 117 28
70 118 28
62 107 25
64 109 27
64 109 25
65 110 28
65 110 26
63 106 24
68 114 28
61 106 27
60 101 23
63 106 26
58 101 26
62 101 26
62 102 27
60 94 25
61 99 25
59 99 27
56 98 24
62 100 29
65 104 32
62 104 29
65 102 32
66 105 28
62 105 25
60 99 25
60 96 27
60 91 27
60 94 27
58 93 27
61 94 26
65 98 29
61 92 27
58 90 28
61 95 29
63 92 31
65 92 30
63 94 30
65 96 30
64 96 32
67 99 33
71 104 34
66 99 31
61 89 28
70 101 34
59 90 26
64 93 31
59 89 30
56 85 27
53 75 25
57 83 26
55 80 26
58 86 28
59 88 31
55 82 26
54 85 26
62 87 30
61 90 31
64 91 33
67 100 36
69 99 38
65 99 36
65 94 30
74 99 37
61 85 29
63 84 32
66 95 34
65 93 33
64 91 33
70 106 27
72 105 30
71 107 29
73 111 28
67 106 25
64 104 22
67 108 24
66 103 27
69 109 27
75 117 31
70 106 26
63 101 27
58 95 24
59 92 24
58 93 23
59 90 24
58 95 24
63 99 28
66 100 32
63 92 29
64 91 26
64 95 26
65 93 28
65 97 27
63 96 27
66 99 27
71 106 29
68 111 25
65 109 26
72 114 30
70 113 29
64 109 25
62 106 23
70 112 29
63 104 26
62 101 25
64 107 27
62 107 23
64 107 25
61 100 27
63 104 26
64 105 26
62 102 27
71 111 30
69 113 28
67 110 26
71 112 26
76 123 28
74 120 27
65 112 25
70 115 30
66 112 27
67 113 28
69 116 27
71 115 28
69 111 26
65 106 29
65 104 29
64 105 25
64 104 27
61 103 29
69 107 34
65 101 28
69 108 32
65 109 27
64 102 29
61 102 27
66 106 31
67 106 31
63 98 27
62 104 30
57 93 25
58 95 27
66 100 31
58 90 26
57 93 26
58 92 27
59 90 27
64 97 30
62 94 30
54 80 25
64 92 31
68 99 32
65 93 28
66 94 31
64 92 30
62 95 30
69 101 32
62 95 28
69 100 34
66 102 35
64 100 32
58 91 28
57 90 24
56 87 27
50 76 23
52 76 27
59 87 29
52 73 27
49 71 23
56 77 28
53 78 27
55 80 26
59 85 27
57 84 27
52 84 25
57 81 32
66 95 34
63 94 31
71 102 37
72 103 40
65 95 35
65 94 33
72 103 38
71 97 34
66 93 30
68 94 30
64 85 32
63 85 32
50 65 27
66 98 25
73 109 29
69 103 29
69 101 27
70 104 28
59 93 25
61 95 26
60 98 26
57 93 26
61 94 24
69 103 30
66 101 29
70 109 30
70 101 30
65 94 28
71 104 32
65 97 29
63 97 27
59 88 26
67 103 27
70 105 30
67 107 30
64 103 26
65 106 27
66 107 28
70 110 31
63 102 24
66 106 28
64 100 26
68 108 28
65 105 31
63 100 26
63 101 28
67 104 28
62 99 28
69 108 30
71 114 26
67 107 28
65 106 28
64 102 27
60 97 22
62 102 26
63 100 28
61 98 27
60 98 24
62 104 25
68 109 23
69 110 27
64 107 25
66 103 28
66 105 28
63 107 24
67 113 26
67 111 29
67 111 27
71 114 27
72 115 29
68 108 26
71 110 32
64 104 26
66 106 27
66 108 28
68 105 29
67 107 29
59 100 26
60 99 28
58 92 27
59 98 26
62 100 30
59 91 25
55 87 27
58 93 26
60 91 30
62 93 29
66 100 29
56 90 23
66 102 32
60 89 25
73 105 34
69 100 32
76 104 37
68 100 30
66 101 30
68 99 29
64 95 30
68 96 33
70 105 31
68 102 29
63 93 31
62 91 29
59 92 28
57 87 26
64 96 28
58 90 26
58 87 29
60 84 28
66 95 33
60 88 28
58 81 27
59 85 30
54 82 26
61 89 29
61 91 27
61 91 31
61 91 27
66 98 31
60 88 29
60 89 29
60 90 29
59 92 30
63 98 32
64 89 34
71 101 36
65 90 32
64 89 32
64 89 31
57 73 30
55 67 29
55 67 28
53 67 26
63 93 27
65 97 28
69 99 30
74 104 31
67 96 25
70 98 34
68 94 32
63 92 28
62 92 27
65 97 29
69 101 33
75 111 36
72 106 31
73 107 29
74 111 30
72 110 30
69 104 28
66 102 26
72 114 30
69 106 29
65 102 26
63 103 27
61 102 25
63 103 26
65 101 29
64 97 29
61 95 28
63 98 26
65 104 27
64 105 28
60 94 25
62 105 27
65 106 29
59 96 26
53 85 25
56 92 23
63 99 29
64 101 29
61 98 26
66 103 29
67 103 28
68 105 29
70 110 28
71 114 31
69 111 33
66 111 30
65 109 30
65 106 30
63 103 28
65 99 28
66 106 27
69 109 31
62 99 28
65 102 28
63 101 27
63 101 26
58 97 25
63 100 27
56 96 20
59 93 29
52 84 24
56 89 24
52 85 23
57 88 26
52 85 24
57 91 27
58 95 27
59 95 28
57 91 25
65 100 28
59 90 27
67 103 32
67 101 31
65 93 30
68 96 30
63 92 30
64 94 28
64 93 29
62 91 29
59 87 27
63 94 29
57 88 28
61 87 26
74 104 37
67 99 32
70 103 32
71 102 33
68 97 33
64 95 31
64 96 29
67 98 34
66 98 32
71 108 32
69 105 32
65 102 30
64 100 28
63 94 32
63 94 28
66 99 31
62 95 28
64 93 31
62 92 32
59 89 29
66 90 33
69 101 33
64 95 28
64 95 30
67 100 35
67 99 33
66 95 33
67 100 34
67 101 32
67 100 33
61 84 31
58 81 28
62 79 31
56 75 29
54 70 28
63 83 34
59 78 30
61 86 26
57 80 24
65 95 31
70 101 29
76 107 36
73 102 30
71 101 30
73 101 30
71 101 30
63 95 27
61 96 26
56 91 24
60 97 29
62 97 27
67 102 28
62 93 27
69 98 30
71 104 29
73 109 28
70 101 30
63 95 28
61 97 28
60 93 26
57 93 25
57 87 26
58 88 28
59 92 26
60 95 23
60 97 26
55 90 21
60 93 28
55 92 22
58 95 25
52 81 23
61 96 27
58 93 28
59 95 28
54 88 26
65 99 29
58 93 24
65 105 31
67 109 25
68 109 28
67 105 25
62 105 27
64 105 29
65 109 28
59 98 26
59 98 24
65 104 29
61 97 29
60 95 26
64 96 26
59 94 25
62 96 30
60 94 26
59 94 26
67 105 33
61 100 28
63 103 28
64 107 27
64 104 26
64 100 27
64 100 27
66 102 33
58 95 26
58 95 25
69 102 32
61 91 25
61 90 26
66 100 30
58 91 23
56 85 25
64 95 30
69 96 32
61 86 27
64 91 33
61 90 29
66 94 30
65 92 31
66 94 29
68 95 32
60 92 26
63 96 28
64 93 30
69 98 35
62 94 29
67 96 34
66 100 29
65 102 30
67 101 33
65 103 28
63 96 29
66 97 28
61 92 28
65 95 29
69 100 31
67 96 30
71 104 30
66 95 29
68 95 29
69 99 32
60 92 30
66 99 29
61 94 27
65 95 31
69 98 33
65 100 33
67 101 35
61 94 33
63 92 32
64 94 31
60 85 29
64 89 33
62 89 31
66 92 33
62 82 33
66 85 35
69 92 36
64 84 33
63 94 27
61 91 27
59 85 26
58 89 27
59 85 26
61 86 28
65 92 30
65 92 26
67 95 28
69 95 30
65 91 30
64 93 28
59 89 26
58 88 26
55 83 28
60 92 26
58 89 27
52 83 27
64 102 30
63 98 29
66 103 30
63 100 28
65 95 27
65 96 28
60 93 28
67 99 31
64 96 27
65 98 31
60 92 26
63 95 31
65 100 32
58 92 28
56 93 27
59 96 28
57 92 26
55 88 30
52 84 23
60 97 27
58 93 26
57 93 24
54 92 25
55 86 25
53 87 23
56 89 26
50 83 21
56 92 25
61 100 28
52 85 23
56 94 27
59 96 28
56 89 28
60 95 25
65 100 29
64 99 27
60 100 28
67 104 29
61 98 27
56 87 23
61 94 26
60 92 25
61 94 24
64 100 27
65 98 28
69 103 27
69 106 29
69 105 27
70 106 32
67 109 26
66 106 27
73 109 34
63 97 26
59 85 26
71 104 31
68 99 28
67 99 28
68 102 32
72 105 30
64 96 28
63 90 29
66 99 30
67 100 30
67 98 31
68 100 32
68 102 31
65 97 30
73 108 38
63 95 28
64 95 31
62 92 27
68 103 32
60 94 27
62 92 31
62 91 30
65 88 29
67 95 32
71 100 31
66 95 28
58 85 27
58 88 26
64 92 30
70 102 29
69 97 34
67 95 29
62 87 28
64 93 29
65 92 35
63 94 33
64 97 33
59 89 31
64 98 35
68 99 35
66 99 34
68 96 35
66 92 32
64 85 33
58 78 28
61 80 32
64 85 32
60 80 31
60 79 32
53 80 24
57 83 27
61 86 29
58 88 28
59 88 30
60 91 28
60 88 28
61 91 28
64 94 29
63 92 30
64 96 30
64 97 31
67 97 29
69 104 29
65 90 28
61 90 26
57 83 25
61 91 27
58 88 28
56 81 25
57 84 27
56 84 25
55 87 22
65 98 30
70 104 32
57 89 27
64 97 28
62 93 27
65 95 29
70 96 29
66 99 28
63 96 27
65 96 28
68 102 32
64 99 27
63 93 28
67 98 30
66 97 29
60 88 26
64 99 31
64 96 29
61 98 26
64 102 27
68 108 30
69 105 27
66 103 31
63 97 30
66 102 29
68 102 30
63 101 27
63 98 30
65 100 29
64 96 27
62 93 26
60 93 24
61 96 28
59 86 26
63 96 27
60 94 27
59 93 28
63 104 27
69 110 30
65 103 28
67 101 29
66 101 29
70 106 34
65 98 31
59 91 27
67 98 29
70 105 31
71 104 30
69 104 30
71 110 32
67 102 29
61 93 27
64 95 28
66 96 29
64 95 25
68 99 29
69 99 29
62 93 29
65 95 29
71 102 32
65 95 31
66 96 32
64 97 30
61 90 30
65 96 30
65 96 28
64 93 30
59 87 30
66 97 32
75 103 36
70 98 32
75 106 36
71 99 34
66 92 32
64 92 29
66 95 30
63 92 33
71 103 35
68 94 33
64 89 30
62 89 30
59 88 29
66 100 34
70 104 39
63 94 32
68 103 35
65 94 35
69 97 33
64 89 31
63 90 29
64 88 31
60 87 31
62 87 30
64 90 33
60 79 31
61 82 31
60 85 29
54 75 27
51 72 26
56 86 29
55 80 25
54 83 29
59 87 31
61 94 29
63 95 30
59 88 30
56 83 26
58 87 31
54 84 25
57 86 30
56 83 25
60 86 27
60 87 29
54 73 27
52 73 26
58 83 28
62 87 31
59 84 27
58 83 27
56 83 29
58 86 27
57 86 28
66 101 31
62 99 29
60 97 28
57 93 24
64 99 31
69 107 33
65 99 30
75 112 34
68 104 26
74 115 33
77 116 31
67 103 32
62 94 30
66 108 29
55 93 22
58 93 29
56 94 24
54 89 26
51 82 22
53 82 23
58 93 27
66 102 29
66 101 31
59 88 25
59 96 27
60 94 28
60 97 29
57 92 27
60 97 28
58 95 25
66 103 31
56 86 29
69 109 31
56 95 23
59 93 23
71 111 31
65 100 28
65 101 29
65 97 30
68 102 31
68 105 29
69 104 32
66 103 31
69 106 31
75 113 31
71 105 31
69 106 30
68 96 28
75 104 35
78 109 34
83 114 37
87 120 42
75 109 32
69 97 34
70 100 32
72 103 37
78 113 42
65 104 26
61 94 25
61 93 29
67 93 34
69 100 33
68 100 32
63 89 28
59 84 27
72 101 34
66 95 33
66 96 31
68 97 30
66 96 31
63 87 27
68 99 31
71 102 36
66 98 32
70 99 33
64 91 31
58 87 27
65 95 29
59 92 30
61 93 29
61 91 32
69 102 36
66 95 34
66 91 36
70 96 34
72 100 34
70 97 37
65 89 31
64 86 30
63 86 31
57 75 29
57 75 29
60 74 32
60 78 31
59 78 30
54 78 28
57 80 30
51 69 26
51 71 27
49 68 25
51 74 25
54 77 26
53 78 25
53 79 29
52 78 27
50 74 26
47 75 23
48 75 23
53 77 28
52 79 26
53 81 26
57 84 27
64 94 31
63 92 26
69 100 34
62 94 28
67 102 29
68 104 31
68 105 30
69 108 30
63 98 28
71 102 29
74 107 34
67 96 30
61 89 30
67 101 28
70 105 32
60 99 25
69 101 29
71 108 30
64 97 28
66 103 26
69 106 29
66 96 30
68 104 28
67 102 31
63 97 30
64 99 29
58 86 26
61 93 27
62 97 29
60 93 26
63 93 30
60 94 29
63 102 29
67 104 30
65 100 30
64 100 27
67 106 30
60 99 25
63 101 28
64 100 28
72 112 32
73 110 34
66 101 30
68 105 28
67 103 31
62 92 28
66 102 28
66 96 28
68 96 31
67 98 29
64 95 28
75 105 35
78 112 32
78 114 35
70 108 28
71 103 30
76 113 30
73 113 31
80 118 33
76 112 33
75 112 32
75 111 33
76 114 31
81 115 34
81 119 35
71 107 31
73 109 30
71 103 32
80 112 37
75 109 34
63 95 29
63 91 29
70 103 31
72 104 32
64 98 29
70 100 31
64 99 29
64 92 28
67 96 33
67 101 31
62 91 32
63 89 29
71 97 36
65 93 29
72 103 36
70 101 33
66 98 34
69 98 38
63 97 31
64 93 34
66 94 37
67 98 32
59 85 30
58 81 29
68 95 32
69 97 33
65 88 32
64 85 32
67 85 34
61 80 30
68 89 33
70 95 33
65 85 32
54 74 27
50 68 24
52 74 29
52 74 27
53 77 26
59 83 29
54 78 27
54 78 27
54 80 28
49 74 24
53 82 26
50 80 24
48 76 23
51 80 26
53 82 24
59 95 28
64 96 27
66 100 29
67 107 30
64 96 27
68 101 29
61 92 26
53 84 26
51 81 24
53 84 28
53 76 24
54 82 24
56 86 26
62 98 29
65 95 27
64 96 27
66 102 28
63 101 25
66 102 29
60 94 27
66 103 28
69 105 28
67 102 28
68 103 29
60 93 27
59 95 23
62 92 28
61 92 29
65 101 31
59 94 25
67 109 31
64 104 30
61 100 26
62 105 27
64 102 30
60 97 25
59 96 27
54 89 24
54 90 27
58 94 29
64 103 29
65 102 28
68 104 33
65 100 30
74 110 34
73 110 32
70 107 33
71 109 31
66 105 27
65 99 27
67 100 31
69 105 34
66 99 32
70 106 31
70 109 27
69 107 30
67 102 26
76 114 32
70 105 28
71 101 31
74 108 34
80 112 37
82 113 38
79 111 40
81 115 39
79 115 34
74 110 34
71 106 33
72 110 35
73 104 31
80 115 35
71 103 30
74 103 31
72 106 33
68 100 27
63 95 29
66 100 29
67 94 31
66 98 33
70 103 34
69 102 34
72 108 35
66 97 31
68 98 36
65 92 33
64 91 32
60 86 28
59 88 29
63 92 32
75 104 40
65 90 34
70 93 36
69 96 35
72 102 39
75 103 38
74 106 35
69 96 31
66 89 33
64 86 31
65 85 31
69 92 33
65 87 30
63 85 29
71 95 37
61 80 31
50 72 26
54 77 27
50 69 24
51 73 27
54 76 29
52 73 24
55 80 27
56 82 28
55 81 25
51 80 24
55 85 27
51 79 25
55 88 25
54 88 25
55 85 26
58 88 27
62 94 23
68 103 27
64 94 25
63 94 29
61 89 27
57 80 25
63 93 27
53 83 25
52 81 24
54 82 25
48 73 25
46 71 21
48 73 22
56 83 26
59 92 28
60 93 28
59 94 28
68 105 28
58 96 27
57 96 27
54 84 24
57 88 28
55 83 28
60 97 25
57 89 24
57 92 25
66 107 30
63 101 28
62 107 27
59 100 28
60 98 27
65 104 30
56 91 24
59 98 27
60 100 27
56 95 23
65 105 31
65 105 28
63 97 27
56 85 24
66 98 28
57 89 24
69 105 33
73 108 34
58 85 26
56 87 28
61 89 30
64 96 28
69 105 30
79 120 34
72 108 32
77 115 36
79 117 35
82 120 36
83 121 36
79 118 31
75 113 30
80 118 33
83 119 35
82 119 35
84 122 39
87 127 39
77 114 31
68 99 31
73 107 34
76 105 34
68 102 30
76 113 35
70 99 36
68 97 35
67 99 30
55 83 27
60 86 27
65 99 31
66 101 30
64 94 30
72 104 32
69 97 35
72 102 32
73 104 36
69 100 34
72 105 33
70 102 33
68 94 33
63 91 31
69 99 35
67 96 34
69 98 34
62 84 35
64 87 33
70 101 35
75 105 37
74 104 36
69 94 35
64 82 32
66 85 34
62 81 31
62 80 31
67 86 32
65 84 31
73 95 35
67 86 33
53 66 25
59 74 29
55 83 23
51 80 24
50 75 23
56 88 28
55 81 26
51 77 25
54 79 26
52 79 25
52 78 25
52 78 24
54 81 26
52 81 23
54 83 24
56 87 25
57 86 27
57 89 26
57 84 26
56 82 29
60 86 32
60 89 27
70 101 34
67 100 32
65 97 31
64 92 31
63 93 28
55 90 25
60 95 28
57 93 26
64 98 30
63 100 26
59 94 25
57 93 25
63 101 28
67 110 29
64 107 29
63 103 28
61 100 30
56 92 26
59 99 28
53 90 21
64 102 26
69 113 30
59 100 28
62 102 31
67 106 30
58 101 26
65 112 26
64 105 26
63 102 27
65 108 31
58 94 28
70 109 35
59 95 26
52 84 26
48 67 25
59 87 28
64 95 30
63 90 28
67 97 31
59 90 27
59 88 26
66 95 35
75 110 29
73 110 32
73 106 32
66 99 29
71 104 30
82 116 39
87 122 39
82 115 35
78 115 35
81 115 39
78 114 34
71 106 30
71 103 33
72 107 31
75 108 34
69 103 30
66 100 32
83 119 38
83 121 38
77 109 39
73 108 31
76 107 35
69 101 31
69 100 31
68 103 30
77 110 36
66 103 27
72 107 32
67 99 30
73 109 31
73 109 34
68 103 30
67 98 30
71 105 33
66 98 30
63 83 30
62 87 28
61 87 30
67 90 35
68 93 36
71 98 35
68 95 35
72 99 37
72 101 36
72 101 36
70 93 34
66 89 33
69 90 35
65 85 33
68 90 33
70 92 34
66 86 32
69 89 33
67 88 32
64 83 31
61 79 29
53 67 26
62 79 30
54 81 26
51 80 25
49 78 23
51 82 23
58 91 29
59 89 29
55 84 25
56 84 27
55 83 25
54 83 24
53 83 24
54 84 24
58 89 28
62 95 28
58 91 25
60 96 26
63 97 28
62 98 29
67 101 29
74 107 34
67 97 31
65 97 33
63 92 30
66 95 33
64 92 26
62 88 29
61 90 27
59 92 26
61 91 28
60 91 27
63 99 29
65 97 27
68 106 28
68 108 30
70 113 30
58 92 26
54 86 23
62 99 27
60 97 24
66 106 28
59 94 26
64 97 31
65 105 29
66 107 28
65 107 29
64 106 29
64 105 24
72 109 34
64 97 29
67 105 29
67 109 30
67 101 31
61 93 24
77 112 31
82 113 40
72 103 31
75 102 35
71 101 31
63 90 25
67 100 31
74 110 32
78 117 33
77 121 32
77 118 32
86 123 39
83 121 35
75 112 35
65 96 31
71 108 33
74 111 31
71 108 29
73 109 34
69 111 29
68 105 27
73 105 32
75 109 36
74 108 34
71 103 33
67 97 29
70 105 32
64 99 25
69 106 33
70 102 32
70 106 30
66 102 29
69 105 30
71 108 29
70 106 27
67 101 28
69 102 29
62 99 27
71 104 34
68 102 30
67 101 32
70 109 31
64 97 29
68 101 32
59 91 30
64 94 29
70 98 37
71 99 33
68 96 33
69 96 34
72 100 35
71 100 35
70 98 35
70 97 36
68 93 34
70 94 33
68 92 34
68 91 33
67 89 32
66 87 32
67 87 32
64 86 32
62 84 30
62 83 30
65 86 31
62 86 31
61 81 30
48 69 24
47 75 23
48 76 22
47 77 21
49 81 21
49 77 21
51 81 23
51 79 24
53 82 24
53 83 25
54 83 23
53 84 23
53 82 24
53 81 26
60 87 28
63 92 27
59 90 27
59 88 26
57 86 27
61 90 27
58 88 27
56 79 27
63 89 32
58 81 27
62 88 26
67 100 30
69 98 29
68 103 29
69 100 29
67 101 28
71 111 31
68 110 29
66 107 28
66 100 27
63 93 31
66 98 28
66 100 30
70 106 29
64 99 29
65 99 28
69 107 26
80 119 36
72 113 33
65 101 33
65 96 28
72 111 31
64 98 28
65 93 33
67 102 29
63 97 25
63 94 30
72 106 33
86 123 36
81 120 32
84 118 39
85 123 35
79 119 37
79 118 35
84 127 36
79 122 30
90 131 37
81 118 32
82 118 35
76 114 34
67 103 31
69 105 31
72 109 31
79 118 37
66 102 30
75 112 33
73 108 36
72 107 35
65 100 34
62 100 32
66 107 27
70 107 30
72 106 34
77 116 35
73 110 31
67 106 31
69 100 32
67 101 31
63 100 28
63 97 28
64 96 28
68 102 27
63 97 27
64 92 28
66 98 34
66 96 31
77 109 36
72 105 32
67 101 30
65 98 29
71 102 33
64 96 30
63 92 32
62 89 29
64 91 30
60 86 27
60 86 29
68 92 34
72 98 38
66 88 32
65 88 32
66 90 32
66 88 34
63 84 30
67 90 32
66 89 31
66 88 32
67 88 33
67 89 33
65 88 32
65 87 31
63 85 29
60 84 27
60 86 28
63 86 30
67 92 33
50 74 24
50 79 23
46 73 22
50 78 23
51 80 24
51 79 23
50 80 24
51 79 24
50 78 23
52 81 24
51 81 24
51 81 25
46 76 23
52 81 24
55 90 25
51 74 25
48 73 23
50 72 25
60 89 28
62 93 27
59 85 26
61 90 29
67 95 29
62 89 27
67 95 29
67 99 27
70 98 30
71 100 31
66 94 29
69 100 29
70 103 32
63 97 30
59 89 26
55 83 26
64 96 29
64 94 28
68 98 29
71 105 32
75 109 37
73 111 36
68 102 30
70 104 32
65 99 31
69 103 30
69 105 31
68 103 30
72 103 32
77 111 36
75 110 32
73 111 31
81 123 33
76 120 29
77 121 32
68 106 29
77 120 32
78 124 32
63 98 25
69 103 32
68 100 31
73 111 31
71 109 29
71 114 29
72 113 27
77 120 32
71 107 32
70 106 33
65 101 26
67 106 29
68 108 33
66 107 31
63 102 28
65 92 30
77 107 37
71 107 32
69 103 35
77 118 37
57 91 23
65 99 29
61 94 30
59 97 26
56 87 26
56 86 30
57 94 24
62 94 27
60 93 26
69 103 30
62 90 27
62 91 30
71 102 33
70 101 33
70 99 35
63 86 33
66 90 34
61 86 29
60 90 32
63 91 32
65 92 32
64 92 29
63 88 30
71 98 36
72 101 35
65 90 31
68 92 35
67 90 34
65 90 33
69 94 34
67 87 33
69 94 33
73 99 35
69 93 34
70 93 33
69 92 34
67 89 31
63 85 31
62 85 29
59 83 27
57 82 27
56 82 26
58 83 27
58 83 27
51 78 25
50 79 24
51 82 24
51 82 23
51 82 23
51 81 23
50 80 23
52 80 23
51 80 23
51 79 23
49 79 22
49 78 23
50 79 24
54 82 28
54 84 27
51 83 24
51 82 25
59 91 28
63 97 27
60 92 27
64 96 28
58 92 26
65 105 31
68 102 30
64 94 27
69 102 31
69 100 32
73 104 30
74 102 32
71 107 32
72 108 33
72 106 31
72 108 32
72 111 35
63 92 28
61 90 26
72 104 32
71 102 32
65 94 28
59 86 28
65 93 30
65 100 29
60 88 28
70 106 31
69 101 32
72 111 32
60 98 26
65 100 32
63 98 28
65 95 33
57 89 25
64 101 27
61 88 29
60 89 29
65 104 27
66 113 27
76 119 31
80 119 34
80 123 31
75 122 29
79 123 32
79 123 36
65 109 28
55 84 26
64 101 26
62 97 24
68 108 28
59 101 29
59 94 26
66 104 27
62 103 26
69 105 32
77 116 34
73 108 35
73 110 34
68 100 31
68 99 34
66 93 32
59 89 27
63 97 29
65 99 33
61 95 34
62 96 26
61 88 27
68 105 30
65 95 27
66 97 30
69 98 34
66 91 30
60 84 29
56 80 28
61 86 31
56 81 26
65 96 30
63 95 30
60 86 29
60 86 27
72 98 35
73 99 36
68 96 35
70 95 35
71 97 36
73 103 36
72 102 33
70 97 33
69 95 34
64 88 31
63 82 31
61 83 30
65 87 33
65 86 32
65 85 31
63 85 31
62 85 29
60 84 28
59 84 28
57 82 27
57 81 26
57 82 27
56 79 27
55 89 24
53 87 24
52 84 23
50 82 22
49 81 22
50 79 22
49 80 23
50 81 22
50 81 22
51 82 22
51 82 24
52 85 23
53 90 24
53 88 23
56 92 25
57 92 26
57 96 24
58 95 27
56 89 25
60 96 28
64 105 29
63 102 28
62 98 25
67 109 27
66 102 26
68 99 32
68 100 30
65 95 27
66 94 30
64 92 29
63 92 30
59 85 28
56 82 26
45 63 21
50 64 30
52 72 27
52 72 26
46 61 24
52 73 25
54 82 27
61 94 29
61 90 31
67 99 30
62 94 28
61 95 34
64 98 29
62 93 31
64 101 27
71 110 36
65 107 30
70 113 30
69 109 27
69 109 32
71 113 30
74 115 31
87 126 43
76 111 34
72 108 30
69 106 32
72 112 33
71 109 30
68 111 28
70 107 30
80 120 33
65 101 29
65 100 30
64 100 27
61 97 25
64 95 30
59 95 27
68 101 32
72 106 35
68 101 31
67 105 30
72 109 30
66 98 26
71 110 32
65 99 30
77 110 38
77 112 34
69 101 31
67 97 32
72 101 32
66 93 33
74 105 31
71 100 33
71 99 35
71 96 33
65 91 32
62 83 29
66 93 33
62 89 31
65 90 31
64 95 30
59 89 30
65 97 31
75 107 39
73 105 36
75 104 39
67 91 34
70 94 38
66 91 32
65 89 33
64 85 30
65 90 32
63 85 31
65 87 34
65 87 32
74 96 41
74 94 45
72 93 44
71 93 42
67 89 36
61 85 30
60 85 31
63 83 31
60 82 26
61 83 29
54 81 35
67 90 40
74 101 53
59 90 33
54 85 28
53 84 28
54 82 30
52 81 28
51 83 26
53 83 27
54 84 28
51 81 23
51 82 22
51 84 23
52 85 23
57 92 27
54 90 24
51 84 22
60 98 28
55 94 22
60 100 24
62 104 26
60 107 23
68 109 29
70 107 28
68 104 26
65 101 28
72 106 32
74 107 34
69 98 31
62 86 29
58 81 28
56 78 28
58 82 27
55 79 25
57 83 28
58 81 28
59 87 27
56 83 27
58 84 28
63 91 28
60 90 27
68 105 32
68 102 32
61 91 28
66 100 30
59 91 23
65 104 27
70 112 27
76 113 35
67 108 26
64 104 26
76 115 33
63 96 27
66 101 30
59 91 29
67 101 30
63 105 29
63 97 28
70 108 33
73 111 37
75 111 33
70 102 34
69 106 32
68 108 30
71 103 34
75 113 33
76 120 33
73 114 30
67 106 30
67 101 30
62 97 27
65 95 29
66 99 31
76 109 33
66 98 31
69 106 30
69 102 29
66 98 28
69 99 32
66 94 29
70 102 31
70 104 31
65 97 29
70 103 33
67 99 32
69 99 31
67 95 31
60 88 28
63 91 30
64 92 33
64 87 32
65 93 31
60 83 31
54 75 30
59 81 29
57 84 29
68 100 33
74 106 36
70 101 31
63 91 31
62 91 32
67 93 32
65 92 34
64 91 30
66 93 32
57 79 27
57 74 27
59 78 31
63 83 33
67 83 40
74 89 49
82 100 58
69 87 43
64 85 37
59 83 32
59 82 30
59 82 28
59 82 28
60 83 32
59 81 39
70 95 44