9600
237 94 94
247 97 97
245 97 97
244 99 99
240 99 99
238 98 98
241 98 98
240 96 96
229 88 88
213 76 76
215 71 71
227 77 77
216 75 75
202 65 65
206 63 63
214 70 70
203 70 70
190 62 62
198 68 68
201 72 72
188 65 65
180 59 59
174 48 48
166 40 40
158 39 39
157 44 44
161 47 47
155 43 43
154 38 38
158 38 38
160 37 37
158 37 37
157 36 36
158 37 37
159 37 37
160 36 36
161 35 35
159 38 38
159 40 40
160 41 41
159 40 40
158 38 38
152 36 36
151 40 40
163 52 52
171 59 59
170 62 62
176 67 67
167 62 62
155 60 60
145 51 51
138 46 46
135 41 41
134 40 40
133 38 38
132 39 39
132 39 39
131 38 38
131 38 38
135 41 41
138 36 36
131 32 32
128 31 31
129 33 33
133 35 35
138 37 37
171 54 54
219 80 80
207 83 83
182 69 69
162 53 53
154 45 45
149 42 42
147 39 39
150 45 45
147 51 51
150 57 57
159 65 65
167 71 71
174 85 85
191 104 104
198 109 109
201 104 104
218 111 111
221 130 130
204 134 134
196 127 127
193 120 120
188 113 113
177 104 104
183 108 108
207 127 127
224 113 113
218 76 76
190 54 54
179 50 50
178 47 47
170 43 43
160 42 42
157 38 38
160 37 37
161 39 39
161 39 39
164 40 40
165 42 42
166 44 44
164 44 44
168 49 49
182 63 63
206 83 83
223 101 101
238 110 110
239 111 111
225 96 96
218 85 85
214 87 87
209 83 83
222 95 95
242 105 105
252 112 112
229 95 95
240 99 99
244 97 97
244 97 97
235 96 96
229 93 93
226 92 92
225 91 91
227 93 93
226 90 90
227 88 88
229 85 85
220 80 80
200 65 65
191 54 54
189 56 56
181 56 56
186 62 62
197 73 73
188 67 67
181 61 61
175 56 56
172 50 50
170 45 45
167 43 43
167 46 46
162 47 47
152 40 40
148 35 35
151 34 34
154 36 36
157 39 39
157 37 37
157 35 35
155 35 35
153 34 34
159 31 31
164 34 34
163 35 35
158 34 34
147 34 34
147 34 34
156 39 39
156 45 45
168 56 56
183 67 67
173 63 63
166 61 61
157 54 54
141 43 43
133 39 39
131 37 37
133 38 38
134 38 38
133 37 37
132 38 38
133 39 39
132 40 40
133 42 42
140 46 46
140 40 40
133 34 34
129 31 31
129 32 32
133 33 33
135 34 34
143 39 39
164 49 49
184 58 58
194 64 64
184 57 57
164 49 49
152 45 45
148 41 41
148 42 42
150 50 50
152 55 55
153 55 55
158 56 56
161 65 65
164 69 69
165 72 72
167 63 63
172 63 63
174 81 81
166 95 95
171 110 110
195 120 120
206 113 113
183 95 95
186 106 106
215 132 132
221 124 124
211 89 89
187 61 61
156 48 48
150 40 40
150 39 39
143 36 36
140 34 34
144 34 34
152 35 35
160 39 39
165 42 42
166 41 41
168 43 43
172 48 48
176 52 52
188 68 68
211 86 86
227 104 104
227 103 103
221 104 104
208 89 89
215 84 84
232 94 94
236 91 91
243 102 102
252 108 108
252 112 112
235 97 97
246 99 99
240 94 94
229 88 88
222 86 86
218 86 86
211 83 83
208 82 82
216 82 82
213 84 84
210 77 77
212 75 75
217 77 77
208 70 70
196 56 56
186 54 54
181 58 58
184 65 65
187 74 74
184 66 66
173 57 57
167 52 52
168 48 48
169 44 44
162 40 40
162 44 44
160 44 44
154 40 40
154 38 38
151 38 38
154 40 40
157 41 41
159 37 37
157 34 34
154 33 33
153 32 32
152 31 31
162 32 32
166 32 32
152 30 30
141 31 31
135 31 31
138 33 33
140 37 37
141 42 42
144 45 45
145 44 44
141 41 41
135 37 37
129 33 33
126 32 32
126 32 32
128 33 33
132 35 35
132 35 35
131 36 36
131 36 36
132 37 37
133 38 38
132 38 38
134 36 36
140 35 35
136 34 34
132 32 32
132 33 33
132 33 33
134 33 33
143 38 38
158 44 44
172 53 53
166 50 50
151 45 45
149 43 43
153 42 42
153 40 40
148 45 45
148 54 54
152 52 52
152 48 48
153 51 51
154 52 52
152 51 51
150 45 45
152 43 43
151 55 55
155 72 72
164 88 88
194 105 105
225 100 100
210 92 92
208 113 113
224 144 144
222 119 119
207 93 93
177 60 60
149 44 44
144 39 39
143 36 36
139 34 34
140 33 33
145 33 33
154 35 35
161 38 38
165 41 41
170 44 44
177 53 53
178 57 57
183 59 59
191 65 65
199 75 75
204 83 83
205 90 90
211 94 94
220 99 99
228 93 93
242 99 99
250 101 101
249 100 100
249 102 102
249 112 112
238 98 98
234 93 93
216 82 82
200 77 77
199 71 71
208 76 76
205 79 79
208 76 76
209 79 79
197 68 68
193 64 64
200 69 69
212 75 75
214 74 74
210 65 65
202 63 63
195 69 69
194 74 74
189 69 69
185 65 65
173 58 58
172 55 55
177 49 49
124 28 28
0 0 0
33 3 3
148 38 38
154 42 42
154 42 42
156 43 43
113 27 27
0 0 0
51 5 5
149 33 33
160 34 34
160 33 33
146 30 30
154 31 31
161 30 30
155 30 30
149 31 31
136 31 31
134 32 32
137 34 34
133 35 35
130 35 35
132 36 36
131 34 34
127 32 32
126 31 31
125 31 31
127 31 31
128 33 33
131 34 34
131 34 34
130 33 33
130 34 34
132 37 37
135 39 39
134 37 37
141 38 38
160 42 42
110 27 27
53 8 8
27 2 2
61 11 11
112 26 26
138 35 35
149 40 40
158 45 45
111 29 29
54 9 9
27 3 3
84 17 17
143 38 38
147 43 43
148 54 54
153 53 53
155 51 51
155 49 49
153 48 48
149 46 46
148 43 43
148 45 45
144 52 52
24 5 5
50 21 21
192 96 96
200 78 78
198 80 80
153 86 86
92 59 59
48 23 23
112 48 48
157 53 53
149 45 45
147 40 40
146 38 38
141 34 34
140 34 34
145 34 34
159 37 37
171 44 44
177 50 50
175 51 51
175 50 50
174 52 52
178 55 55
183 58 58
186 64 64
190 74 74
197 79 79
204 87 87
215 91 91
232 99 99
235 102 102
233 93 93
231 93 93
232 98 98
237 106 106
235 95 95
216 81 81
198 71 71
182 64 64
180 61 61
183 64 64
186 65 65
208 76 76
212 79 79
190 65 65
186 60 60
195 65 65
207 75 75
222 85 85
229 82 82
219 77 77
208 81 81
204 82 82
194 77 77
200 82 82
219 83 83
207 67 67
184 47 47
163 38 38
68 9 9
0 0 0
99 21 21
160 43 43
164 43 43
152 38 38
29 2 2
0 0 0
128 27 27
149 35 35
152 33 33
155 32 32
146 31 31
143 30 30
143 30 30
143 30 30
144 31 31
137 31 31
133 32 32
134 35 35
131 34 34
129 33 33
128 32 32
128 31 31
128 32 32
128 32 32
127 32 32
127 32 32
129 34 34
130 34 34
132 33 33
133 35 35
133 36 36
132 35 35
129 33 33
128 32 32
133 33 33
101 23 23
0 0 0
0 0 0
0 0 0
0 0 0
6 0 0
122 28 28
141 36 36
92 20 20
0 0 0
0 0 0
0 0 0
0 0 0
52 8 8
146 44 44
147 47 47
152 48 48
153 50 50
153 45 45
150 47 47
149 45 45
146 45 45
148 47 47
75 25 25
0 0 0
52 23 23
186 90 90
191 81 81
121 57 57
0 0 0
0 0 0
0 0 0
0 0 0
51 12 12
146 44 44
149 43 43
150 41 41
147 39 39
144 38 38
150 39 39
171 46 46
185 56 56
178 61 61
168 54 54
161 51 51
164 50 50
171 53 53
180 56 56
184 64 64
189 78 78
196 87 87
208 91 91
219 98 98
229 95 95
231 93 93
222 85 85
222 89 89
228 94 94
227 95 95
220 82 82
207 75 75
199 71 71
182 61 61
177 59 59
183 62 62
192 67 67
215 79 79
219 82 82
199 69 69
191 65 65
191 67 67
201 72 72
224 85 85
240 93 93
232 83 83
217 73 73
210 79 79
206 79 79
203 80 80
204 74 74
195 55 55
175 46 46
165 40 40
145 31 31
5 0 0
4 0 0
146 36 36
164 40 40
98 20 20
0 0 0
84 15 15
153 39 39
148 35 35
149 34 34
150 33 33
149 31 31
145 30 30
139 29 29
138 30 30
140 30 30
133 30 30
132 33 33
141 39 39
135 37 37
130 32 32
131 33 33
135 35 35
138 38 38
136 38 38
135 37 37
136 38 38
136 39 39
134 39 39
132 36 36
133 38 38
135 38 38
134 35 35
130 32 32
129 31 31
130 32 32
59 9 9
0 0 0
122 28 28
149 36 36
95 19 19
0 0 0
95 20 20
127 30 30
0 0 0
34 3 3
178 51 51
186 51 51
85 17 17
0 0 0
134 39 39
162 51 51
156 50 50
161 53 53
155 49 49
148 46 46
148 46 46
147 47 47
112 37 37
0 0 0
0 0 0
52 22 22
185 86 86
171 79 79
0 0 0
40 17 17
170 84 84
181 82 82
77 27 27
0 0 0
112 35 35
152 47 47
157 48 48
161 53 53
163 51 51
182 49 49
213 58 58
214 69 69
184 62 62
162 52 52
156 52 52
164 56 56
176 55 55
192 65 65
210 80 80
229 105 105
236 111 111
228 109 109
219 95 95
206 72 72
204 67 67
209 75 75
215 80 80
228 84 84
223 84 84
213 82 82
205 77 77
196 71 71
179 59 59
171 55 55
169 54 54
179 62 62
206 75 75
214 77 77
206 73 73
199 66 66
191 66 66
197 68 68
222 80 80
240 88 88
227 77 77
211 76 76
201 73 73
200 74 74
200 72 72
200 64 64
190 54 54
176 48 48
176 44 44
176 42 42
102 21 21
0 0 0
78 13 13
140 30 30
4 0 0
23 2 2
130 31 31
138 35 35
140 34 34
122 27 27
71 11 11
28 2 2
34 3 3
78 14 14
124 27 27
135 31 31
133 31 31
73 14 14
0 0 0
122 35 35
139 39 39
134 35 35
81 19 19
0 0 0
137 43 43
167 52 52
85 23 23
0 0 0
99 26 26
38 5 5
46 7 7
129 35 35
138 36 36
135 33 33
135 32 32
137 33 33
75 14 14
0 0 0
117 27 27
137 33 33
88 18 18
0 0 0
104 23 23
120 29 29
0 0 0
74 14 14
173 49 49
189 53 53
143 35 35
0 0 0
110 29 29
185 60 60
175 59 59
198 72 72
197 71 71
172 60 60
170 61 61
149 54 54
26 4 4
79 32 32
0 0 0
47 16 16
167 73 73
148 62 62
0 0 0
82 42 42
175 85 85
173 78 78
123 54 54
0 0 0
82 26 26
154 52 52
168 58 58
184 65 65
195 60 60
215 52 52
228 49 49
222 53 53
208 62 62
184 65 65
171 66 66
189 81 81
216 81 81
235 87 87
240 111 111
246 123 123
246 108 108
238 110 110
228 96 96
214 66 66
205 59 59
193 58 58
197 69 69
222 82 82
239 84 84
204 77 77
200 74 74
192 68 68
180 60 60
171 58 58
166 54 54
173 57 57
195 70 70
199 68 68
195 67 67
192 65 65
188 64 64
193 66 66
202 71 71
205 68 68
196 66 66
195 73 73
196 72 72
194 71 71
195 69 69
188 62 62
175 55 55
163 46 46
163 43 43
166 44 44
152 38 38
42 5 5
0 0 0
48 5 5
0 0 0
106 24 24
138 36 36
135 35 35
114 26 26
4 0 0
0 0 0
0 0 0
0 0 0
0 0 0
38 4 4
131 31 31
139 37 37
76 18 18
0 0 0
129 39 39
148 43 43
136 36 36
78 16 16
0 0 0
131 36 36
181 56 56
95 29 29
0 0 0
4 0 0
0 0 0
41 5 5
134 34 34
135 34 34
140 35 35
144 36 36
142 34 34
128 32 32
56 8 8
0 0 0
0 0 0
0 0 0
77 16 16
132 34 34
129 31 31
0 0 0
28 3 3
134 33 33
141 35 35
79 15 15
0 0 0
74 16 16
182 56 56
190 62 62
202 72 72
216 77 77
205 71 71
191 67 67
91 30 30
31 7 7
149 59 59
0 0 0
42 12 12
159 67 67
157 65 65
0 0 0
38 16 16
163 82 82
161 78 78
79 32 32
0 0 0
60 16 16
152 51 51
167 56 56
192 69 69
209 60 60
221 53 53
210 47 47
195 46 46
202 53 53
211 72 72
230 84 84
244 86 86
241 80 80
248 93 93
242 105 105
243 107 107
246 100 100
239 101 101
225 92 92
214 69 69
206 61 61
204 65 65
205 74 74
212 73 73
226 73 73
186 67 67
182 64 64
180 61 61
177 61 61
178 61 61
169 57 57
174 59 59
194 70 70
199 73 73
201 71 71
197 69 69
189 66 66
191 66 66
193 62 62
194 64 64
193 66 66
189 66 66
182 66 66
180 62 62
182 64 64
180 64 64
170 55 55
150 40 40
146 36 36
157 40 40
156 40 40
118 25 25
0 0 0
0 0 0
63 10 10
148 40 40
145 41 41
139 38 38
52 7 7
0 0 0
102 23 23
151 37 37
138 32 32
67 10 10
0 0 0
90 19 19
140 41 41
82 24 24
0 0 0
135 42 42
163 46 46
149 39 39
79 16 16
0 0 0
119 29 29
155 43 43
83 20 20
0 0 0
87 18 18
143 37 37
127 32 32
134 34 34
135 34 34
138 35 35
138 35 35
134 33 33
116 27 27
40 5 5
0 0 0
0 0 0
0 0 0
59 11 11
131 36 36
142 40 40
78 17 17
0 0 0
0 0 0
0 0 0
0 0 0
0 0 0
60 10 10
172 50 50
182 59 59
185 63 63
196 68 68
187 63 63
132 41 41
0 0 0
146 57 57
175 75 75
0 0 0
45 14 14
170 72 72
183 75 75
110 50 50
0 0 0
0 0 0
0 0 0
0 0 0
0 0 0
55 13 13
150 47 47
150 50 50
158 51 51
182 50 50
199 45 45
176 37 37
169 39 39
188 50 50
209 60 60
229 74 74
247 73 73
239 69 69
231 78 78
223 83 83
228 82 82
236 82 82
227 91 91
211 84 84
209 76 76
219 72 72
223 78 78
230 77 77
234 76 76
240 72 72
184 66 66
174 60 60
177 61 61
184 67 67
186 67 67
178 62 62
172 58 58
182 62 62
200 72 72
218 77 77
216 74 74
199 68 68
192 66 66
193 69 69
196 69 69
195 71 71
187 64 64
183 63 63
180 63 63
173 59 59
171 57 57
163 50 50
147 39 39
142 35 35
147 35 35
149 36 36
144 33 33
52 6 6
0 0 0
128 32 32
147 42 42
144 42 42
141 40 40
0 0 0
4 0 0
151 38 38
156 44 44
166 52 52
139 37 37
0 0 0
64 11 11
155 50 50
95 29 29
0 0 0
134 39 39
177 53 53
168 47 47
85 19 19
0 0 0
114 26 26
142 35 35
75 14 14
0 0 0
126 30 30
157 41 41
143 38 38
139 36 36
137 35 35
136 35 35
133 34 34
131 32 32
47 6 6
0 0 0
110 26 26
130 32 32
91 21 21
0 0 0
78 17 17
135 35 35
128 32 32
81 16 16
34 3 3
51 7 7
89 19 19
0 0 0
61 10 10
149 41 41
161 47 47
165 52 52
169 56 56
149 47 47
26 3 3
81 19 19
172 62 62
175 74 74
0 0 0
52 20 20
181 83 83
188 80 80
197 89 89
125 56 56
46 16 16
60 20 20
101 31 31
0 0 0
68 16 16
167 59 59
174 56 56
178 55 55
187 51 51
182 43 43
173 38 38
188 48 48
208 66 66
209 62 62
210 63 63
217 60 60
212 59 59
207 58 58
204 62 62
201 63 63
196 65 65
191 71 71
187 69 69
189 71 71
200 70 70
216 75 75
230 65 65
236 67 67
231 70 70
194 67 67
180 59 59
181 61 61
183 64 64
180 63 63
178 61 61
177 58 58
183 60 60
191 64 64
201 67 67
205 68 68
199 67 67
195 69 69
197 71 71
198 67 67
191 67 67
187 64 64
188 62 62
190 63 63
187 60 60
185 59 59
185 56 56
159 45 45
143 37 37
142 34 34
141 34 34
142 34 34
60 8 8
0 0 0
132 33 33
141 38 38
136 37 37
137 36 36
0 0 0
4 0 0
140 35 35
147 43 43
159 56 56
137 41 41
0 0 0
65 12 12
153 49 49
91 26 26
0 0 0
142 41 41
176 53 53
177 52 52
83 20 20
0 0 0
113 26 26
136 32 32
72 13 13
0 0 0
146 38 38
168 49 49
141 38 38
133 33 33
132 33 33
133 33 33
132 32 32
124 30 30
0 0 0
33 3 3
131 33 33
131 33 33
118 29 29
0 0 0
45 6 6
130 32 32
129 32 32
127 31 31
128 31 31
130 31 31
100 21 21
0 0 0
79 16 16
141 38 38
142 40 40
144 41 41
153 47 47
118 34 34
0 0 0
0 0 0
0 0 0
0 0 0
0 0 0
0 0 0
0 0 0
179 82 82
213 96 96
210 100 100
176 75 75
156 53 53
120 32 32
0 0 0
93 25 25
175 58 58
183 57 57
181 53 53
175 50 50
176 46 46
201 53 53
233 78 78
227 84 84
218 72 72
211 70 70
199 58 58
193 56 56
196 63 63
198 63 63
186 57 57
173 56 56
166 58 58
166 55 55
168 57 57
172 58 58
182 49 49
192 48 48
205 57 57
209 67 67
199 66 66
194 65 65
190 68 68
186 68 68
180 63 63
178 60 60
177 58 58
175 57 57
181 59 59
190 65 65
195 64 64
197 67 67
194 67 67
197 66 66
194 66 66
170 56 56
160 48 48
181 57 57
201 67 67
204 71 71
207 65 65
208 61 61
178 53 53
151 39 39
149 38 38
148 37 37
145 36 36
59 8 8
0 0 0
123 27 27
140 35 35
138 34 34
139 33 33
49 6 6
0 0 0
89 18 18
132 35 35
131 39 39
72 17 17
0 0 0
99 22 22
149 42 42
90 23 23
0 0 0
107 28 28
185 56 56
152 46 46
23 2 2
0 0 0
121 27 27
143 35 35
75 14 14
0 0 0
157 43 43
186 60 60
154 44 44
137 36 36
135 34 34
135 34 34
135 33 33
130 32 32
12 1 1
0 0 0
108 24 24
126 30 30
88 18 18
0 0 0
64 11 11
129 31 31
57 8 8
27 2 2
114 26 26
123 29 29
54 7 7
0 0 0
111 25 25
148 40 40
149 40 40
151 44 44
167 54 54
141 46 46
0 0 0
0 0 0
0 0 0
0 0 0
0 0 0
0 0 0
0 0 0
166 76 76
92 38 38
46 15 15
154 56 56
156 47 47
68 11 11
0 0 0
122 32 32
158 48 48
159 43 43
160 44 44
174 48 48
196 55 55
217 64 64
230 89 89
233 95 95
236 86 86
243 87 87
226 70 70
201 58 58
203 71 71
215 71 71
212 69 69
193 62 62
176 60 60
167 54 54
172 56 56
181 54 54
185 47 47
181 45 45
181 53 53
179 56 56
201 70 70
205 73 73
209 78 78
202 76 76
184 65 65
173 57 57
169 54 54
166 52 52
170 51 51
178 55 55
178 60 60
181 59 59
186 61 61
187 60 60
193 65 65
193 61 61
187 59 59
195 61 61
197 64 64
192 58 58
191 58 58
196 54 54
186 49 49
168 44 44
166 42 42
166 42 42
159 39 39
59 8 8
0 0 0
112 26 26
134 34 34
139 35 35
139 34 34
110 24 24
0 0 0
0 0 0
0 0 0
0 0 0
0 0 0
47 6 6
150 36 36
159 43 43
117 33 33
0 0 0
0 0 0
0 0 0
0 0 0
16 1 1
0 0 0
134 33 33
163 42 42
87 17 17
0 0 0
153 40 40
172 50 50
156 44 44
143 38 38
140 37 37
142 35 35
138 34 34
133 31 31
84 16 16
0 0 0
0 0 0
0 0 0
0 0 0
0 0 0
107 24 24
130 32 32
84 17 17
0 0 0
0 0 0
0 0 0
0 0 0
50 7 7
133 34 34
138 36 36
88 20 20
0 0 0
128 37 37
174 55 55
173 57 57
176 60 60
187 79 79
191 90 90
0 0 0
61 22 22
191 85 85
184 84 84
117 47 47
0 0 0
0 0 0
0 0 0
0 0 0
67 11 11
167 46 46
171 50 50
175 48 48
172 47 47
167 46 46
167 47 47
190 62 62
226 90 90
233 97 97
235 93 93
239 94 94
240 85 85
199 54 54
179 51 51
200 59 59
209 72 72
203 71 71
196 64 64
199 65 65
211 77 77
213 61 61
205 59 59
206 61 61
214 72 72
213 82 82
207 73 73
213 78 78
212 80 80
205 77 77
188 66 66
173 56 56
167 50 50
165 48 48
167 48 48
175 52 52
177 55 55
179 61 61
182 61 61
181 61 61
177 56 56
193 58 58
213 65 65
214 68 68
204 67 67
189 56 56
174 48 48
167 39 39
175 38 38
178 43 43
176 43 43
180 47 47
159 40 40
55 8 8
0 0 0
110 26 26
138 36 36
145 39 39
144 36 36
139 35 35
119 27 27
72 13 13
27 2 2
35 3 3
86 17 17
143 35 35
161 44 44
160 51 51
155 54 54
100 30 30
34 5 5
44 6 6
116 30 30
130 39 39
0 0 0
139 35 35
157 41 41
81 16 16
0 0 0
145 40 40
161 46 46
152 43 43
154 45 45
157 46 46
154 40 40
141 34 34
131 32 32
129 31 31
95 20 20
48 6 6
21 2 2
54 8 8
103 23 23
128 31 31
129 32 32
127 31 31
81 17 17
33 4 4
27 3 3
78 16 16
125 34 34
133 36 36
136 38 38
90 23 23
0 0 0
143 43 43
176 54 54
180 58 58
187 65 65
209 93 93
217 104 104
0 0 0
64 24 24
210 98 98
200 98 98
173 65 65
107 30 30
48 8 8
37 4 4
97 22 22
163 41 41
193 51 51
212 54 54
221 60 60
211 58 58
181 50 50
173 48 48
190 62 62
216 78 78
229 90 90
229 95 95
224 86 86
216 75 75
203 66 66
195 51 51
197 57 57
200 59 59
211 61 61
225 61 61
230 72 72
230 80 80
218 68 68
202 66 66
202 62 62
207 66 66
201 74 74
196 68 68
206 73 73
203 71 71
198 69 69
195 63 63
191 65 65
184 56 56
178 48 48
179 46 46
179 51 51
179 58 58
181 58 58
186 66 66
180 57 57
177 50 50
196 57 57
223 68 68
221 62 62
204 60 60
193 49 49
184 45 45
182 37 37
186 35 35
180 38 38
172 39 39
173 42 42
157 38 38
138 33 33
135 33 33
135 34 34
139 37 37
144 39 39
144 37 37
140 36 36
143 36 36
149 38 38
151 39 39
147 38 38
148 39 39
157 46 46
167 53 53
163 59 59
151 49 49
147 46 46
154 46 46
163 46 46
174 53 53
186 63 63
185 60 60
167 46 46
153 40 40
152 41 41
161 47 47
172 54 54
166 49 49
150 43 43
152 46 46
166 52 52
160 42 42
141 35 35
132 32 32
129 31 31
128 31 31
128 31 31
128 30 30
126 30 30
126 30 30
127 31 31
128 32 32
128 33 33
130 33 33
131 34 34
132 33 33
133 35 35
138 37 37
143 40 40
146 45 45
162 56 56
173 56 56
177 52 52
178 52 52
178 53 53
178 59 59
191 83 83
196 90 90
204 92 92
204 85 85
192 80 80
188 85 85
175 60 60
174 52 52
176 51 51
163 46 46
163 46 46
175 41 41
201 41 41
218 40 40
217 49 49
209 61 61
182 54 54
178 53 53
199 59 59
213 73 73
215 80 80
214 79 79
203 66 66
193 64 64
194 67 67
219 64 64
206 65 65
201 66 66
219 73 73
218 69 69
215 68 68
217 78 78
216 74 74
196 72 72
189 61 61
191 60 60
188 62 62
186 63 63
196 67 67
196 67 67
196 65 65
199 62 62
198 64 64
191 59 59
185 53 53
180 53 53
175 55 55
174 56 56
175 56 56
181 56 56
180 53 53
178 48 48
195 52 52
218 56 56
211 48 48
196 45 45
185 40 40
177 38 38
177 36 36
177 37 37
180 39 39
167 35 35
157 35 35
156 36 36
144 33 33
138 33 33
137 34 34
137 35 35
139 34 34
141 34 34
140 34 34
143 35 35
150 37 37
153 40 40
156 43 43
157 49 49
168 60 60
180 64 64
174 64 64
161 55 55
151 47 47
154 46 46
160 52 52
167 57 57
162 54 54
159 48 48
162 47 47
159 47 47
153 46 46
159 49 49
171 53 53
168 54 54
156 48 48
159 50 50
171 56 56
161 47 47
147 39 39
133 34 34
129 32 32
130 32 32
129 31 31
129 32 32
129 32 32
129 32 32
129 32 32
128 32 32
129 32 32
130 32 32
132 32 32
131 31 31
130 31 31
134 32 32
150 40 40
165 50 50
173 59 59
181 60 60
190 57 57
186 54 54
182 51 51
191 63 63
204 80 80
201 77 77
195 69 69
198 65 65
196 70 70
195 72 72
192 63 63
195 63 63
187 56 56
173 46 46
179 42 42
180 35 35
181 33 33
196 36 36
210 42 42
218 65 65
201 68 68
184 55 55
190 57 57
199 69 69
204 71 71
202 75 75
174 58 58
170 61 61
199 71 71
237 79 79
214 66 66
194 65 65
210 73 73
217 76 76
202 67 67
202 71 71
211 79 79
205 82 82
190 68 68
185 61 61
181 60 60
185 62 62
182 60 60
189 63 63
197 66 66
199 64 64
195 69 69
191 64 64
186 64 64
182 59 59
182 62 62
174 56 56
172 52 52
173 53 53
176 51 51
179 50 50
185 50 50
187 49 49
181 44 44
176 41 41
173 40 40
167 36 36
158 37 37
158 36 36
170 36 36
156 32 32
143 31 31
149 33 33
153 35 35
147 35 35
147 40 40
144 40 40
138 36 36
137 35 35
138 35 35
143 36 36
151 37 37
157 39 39
156 40 40
152 41 41
165 48 48
174 53 53
175 57 57
176 62 62
166 55 55
158 50 50
165 59 59
162 55 55
153 48 48
146 42 42
146 44 44
147 45 45
144 42 42
149 42 42
149 42 42
149 43 43
152 46 46
150 47 47
149 45 45
142 40 40
138 36 36
133 34 34
129 32 32
130 32 32
131 33 33
130 33 33
129 31 31
128 30 30
127 30 30
127 30 30
128 31 31
129 31 31
129 30 30
128 30 30
129 30 30
132 31 31
145 38 38
154 45 45
154 47 47
162 53 53
174 54 54
180 51 51
177 47 47
176 49 49
183 55 55
205 59 59
209 61 61
197 63 63
183 60 60
182 56 56
177 53 53
183 56 56
186 51 51
170 41 41
161 36 36
158 34 34
162 32 32
175 35 35
194 43 43
198 51 51
182 54 54
174 49 49
180 50 50
190 60 60
196 58 58
178 53 53
162 48 48
178 64 64
220 71 71
228 67 67
226 68 68
205 64 64
202 64 64
218 72 72
214 74 74
215 81 81
212 86 86
202 82 82
195 74 74
190 68 68
186 67 67
171 54 54
165 50 50
173 55 55
188 61 61
193 67 67
194 69 69
192 69 69
189 69 69
190 65 65
184 60 60
169 51 51
165 47 47
169 47 47
171 51 51
172 50 50
169 46 46
166 47 47
162 46 46
156 42 42
155 41 41
156 38 38
153 39 39
150 37 37
149 33 33
141 31 31
137 30 30
145 32 32
153 34 34
147 35 35
146 38 38
146 40 40
140 42 42
136 38 38
139 37 37
143 35 35
143 34 34
140 34 34
138 33 33
145 35 35
159 43 43
164 45 45
156 46 46
152 49 49
146 45 45
144 42 42
150 46 46
158 49 49
156 49 49
142 42 42
143 44 44
146 47 47
143 43 43
143 40 40
146 42 42
150 46 46
149 47 47
150 49 49
153 49 49
142 41 41
135 34 34
131 33 33
130 32 32
130 33 33
131 33 33
129 32 32
127 31 31
126 30 30
127 29 29
128 29 29
128 30 30
128 30 30
128 30 30
127 30 30
127 30 30
129 31 31
132 33 33
135 36 36
138 39 39
146 43 43
157 46 46
159 43 43
154 39 39
153 39 39
155 39 39
171 44 44
185 51 51
177 54 54
176 51 51
176 49 49
172 45 45
175 46 46
189 50 50
191 46 46
179 40 40
166 37 37
154 33 33
154 33 33
152 34 34
150 35 35
149 37 37
154 40 40
166 45 45
179 52 52
186 52 52
174 48 48
165 43 43
181 53 53
212 56 56
223 57 57
224 63 63
226 69 69
216 68 68
215 72 72
221 81 81
213 83 83
205 81 81
196 78 78
195 77 77
193 74 74
188 76 76
181 64 64
171 56 56
166 53 53
171 54 54
182 61 61
190 66 66
194 70 70
191 65 65
183 59 59
176 52 52
167 48 48
158 44 44
162 45 45
172 47 47
173 49 49
174 49 49
169 49 49
163 49 49
156 46 46
149 41 41
148 39 39
147 36 36
142 33 33
140 31 31
137 30 30
139 30 30
149 30 30
155 34 34
149 35 35
142 34 34
141 35 35
138 39 39
140 40 40
149 42 42
153 37 37
145 34 34
138 33 33
137 34 34
143 36 36
148 41 41
147 41 41
141 41 41
139 40 40
137 40 40
141 40 40
145 42 42
146 43 43
148 45 45
146 47 47
149 50 50
164 60 60
170 63 63
156 52 52
148 47 47
149 50 50
144 46 46
148 47 47
159 53 53
150 44 44
138 36 36
130 33 33
129 32 32
130 33 33
130 32 32
129 31 31
128 30 30
127 29 29
130 30 30
131 30 30
129 30 30
127 30 30
127 30 30
127 30 30
127 31 31
131 32 32
139 36 36
154 44 44
154 45 45
141 39 39
139 37 37
142 35 35
149 37 37
169 42 42
182 49 49
184 46 46
179 44 44
176 49 49
188 48 48
192 45 45
178 41 41
167 39 39
172 43 43
176 48 48
172 41 41
163 36 36
157 33 33
161 34 34
160 36 36
162 38 38
159 38 38
155 39 39
165 46 46
186 55 55
187 58 58
184 54 54
189 53 53
202 57 57
214 58 58
222 59 59
226 67 67
227 75 75
224 81 81
221 84 84
218 90 90
203 75 75
196 74 74
192 75 75
188 76 76
187 72 72
190 79 79
192 71 71
181 62 62
169 55 55
163 50 50
165 50 50
173 56 56
183 67 67
189 64 64
180 57 57
168 49 49
161 45 45
154 43 43
156 42 42
165 46 46
172 47 47
178 51 51
183 56 56
177 57 57
161 51 51
146 42 42
140 36 36
137 33 33
135 31 31
134 30 30
133 30 30
139 30 30
152 30 30
152 32 32
142 32 32
137 31 31
136 32 32
135 34 34
139 38 38
159 47 47
174 42 42
153 37 37
142 38 38
141 37 37
141 39 39
139 39 39
137 38 38
135 38 38
133 38 38
137 39 39
143 42 42
145 43 43
146 43 43
152 46 46
152 49 49
151 50 50
166 59 59
184 71 71
177 64 64
169 60 60
163 55 55
145 44 44
140 40 40
153 44 44
164 46 46
156 43 43
143 37 37
134 34 34
131 32 32
129 30 30
129 30 30
128 30 30
128 29 29
129 29 29
130 30 30
129 30 30
128 31 31
128 30 30
128 30 30
129 31 31
133 32 32
142 37 37
157 42 42
155 41 41
142 38 38
138 36 36
140 35 35
148 37 37
168 39 39
182 45 45
176 40 40
174 38 38
182 45 45
186 43 43
180 41 41
177 40 40
172 40 40
178 47 47
171 54 54
151 41 41
144 33 33
143 30 30
147 32 32
157 37 37
168 43 43
172 46 46
175 57 57
174 61 61
181 66 66
181 60 60
188 59 59
197 58 58
210 68 68
213 70 70
217 68 68
225 79 79
225 80 80
219 83 83
209 80 80
204 85 85
194 72 72
190 71 71
186 65 65
182 71 71
185 73 73
201 84 84
195 73 73
190 65 65
177 55 55
169 50 50
164 50 50
163 53 53
171 60 60
174 61 61
164 51 51
158 45 45
155 42 42
155 41 41
163 42 42
169 45 45
175 46 46
177 49 49
168 51 51
154 47 47
145 42 42
139 37 37
137 33 33
135 32 32
134 31 31
134 30 30
134 30 30
140 31 31
157 31 31
158 30 30
143 30 30
138 31 31
138 33 33
138 35 35
141 38 38
148 41 41
164 40 40
170 42 42
157 46 46
145 41 41
141 40 40
137 39 39
136 40 40
135 39 39
136 39 39
137 39 39
140 39 39
140 40 40
141 42 42
147 46 46
151 49 49
151 48 48
158 54 54
165 59 59
160 55 55
162 54 54
165 51 51
156 47 47
140 38 38
150 41 41
176 48 48
158 43 43
142 36 36
133 33 33
127 30 30
127 30 30
127 30 30
126 29 29
126 30 30
126 30 30
127 31 31
130 31 31
130 31 31
129 31 31
130 31 31
130 31 31
131 32 32
136 33 33
149 35 35
154 39 39
144 37 37
136 35 35
133 34 34
141 35 35
163 41 41
186 46 46
180 43 43
173 39 39
174 37 37
171 35 35
165 35 35
163 34 34
165 38 38
171 52 52
163 50 50
145 35 35
138 31 31
135 30 30
136 30 30
146 32 32
161 39 39
166 48 48
171 62 62
174 67 67
175 71 71
174 58 58
187 58 58
182 58 58
180 59 59
186 64 64
201 74 74
209 78 78
203 73 73
197 70 70
187 66 66
180 65 65
180 63 63
179 63 63
178 61 61
176 64 64
187 67 67
205 78 78
204 78 78
198 71 71
189 63 63
181 59 59
178 55 55
171 55 55
164 54 54
156 49 49
151 44 44
151 41 41
151 37 37
154 38 38
159 40 40
164 44 44
172 47 47
168 46 46
145 41 41
134 37 37
131 35 35
132 32 32
134 32 32
133 31 31
133 31 31
134 31 31
136 31 31
141 30 30
151 31 31
151 32 32
147 31 31
143 32 32
141 34 34
140 36 36
138 37 37
142 37 37
154 38 38
168 44 44
165 47 47
143 40 40
134 36 36
135 40 40
137 41 41
140 42 42
136 38 38
134 37 37
137 38 38
137 38 38
137 39 39
142 43 43
144 45 45
144 43 43
146 46 46
147 47 47
150 48 48
102 29 29
0 0 0
118 33 33
153 43 43
157 42 42
176 47 47
166 44 44
143 37 37
130 32 32
126 30 30
125 30 30
125 30 30
125 29 29
125 29 29
126 30 30
128 31 31
129 31 31
130 31 31
129 31 31
130 31 31
35 3 3
0 0 0
112 24 24
84 16 16
0 0 0
88 18 18
133 32 32
80 16 16
0 0 0
0 0 0
0 0 0
0 0 0
24 1 1
59 7 7
103 21 21
136 31 31
135 30 30
139 33 33
38 5 5
0 0 0
119 25 25
89 15 15
0 0 0
92 16 16
148 31 31
149 34 34
152 41 41
159 54 54
159 49 49
168 63 63
185 68 68
207 65 65
216 75 75
212 84 84
205 87 87
205 90 90
198 78 78
181 60 60
171 54 54
162 52 52
154 50 50
154 52 52
158 48 48
167 53 53
170 58 58
177 59 59
193 63 63
202 82 82
193 75 75
192 70 70
183 62 62
182 62 62
178 61 61
170 55 55
168 50 50
162 49 49
154 42 42
150 37 37
147 35 35
145 37 37
148 39 39
150 41 41
147 40 40
138 39 39
133 36 36
132 34 34
127 30 30
93 19 19
102 22 22
133 31 31
135 31 31
138 31 31
141 31 31
148 31 31
156 33 33
161 35 35
150 34 34
142 33 33
140 35 35
138 34 34
140 34 34
147 35 35
155 36 36
158 42 42
148 42 42
139 39 39
134 38 38
134 39 39
137 39 39
133 37 37
133 36 36
139 39 39
144 43 43
139 40 40
138 41 41
140 40 40
142 41 41
145 44 44
148 46 46
150 47 47
96 27 27
0 0 0
122 35 35
151 40 40
150 37 37
163 41 41
162 43 43
142 38 38
130 32 32
126 31 31
126 31 31
126 30 30
126 30 30
126 30 30
128 31 31
129 31 31
130 31 31
131 31 31
130 30 30
129 31 31
35 3 3
0 0 0
109 24 24
82 15 15
0 0 0
84 16 16
132 31 31
81 15 15
0 0 0
0 0 0
0 0 0
0 0 0
0 0 0
0 0 0
0 0 0
94 19 19
128 30 30
131 31 31
36 4 4
0 0 0
111 23 23
84 15 15
0 0 0
90 16 16
138 31 31
141 31 31
147 33 33
152 38 38
151 40 40
159 52 52
197 71 71
218 87 87
214 90 90
216 112 112
211 94 94
208 87 87
208 79 79
202 73 73
188 63 63
176 66 66
172 66 66
168 63 63
164 53 53
163 46 46
160 49 49
164 50 50
179 57 57
185 84 84
165 62 62
167 59 59
172 61 61
176 63 63
180 64 64
178 58 58
175 57 57
170 54 54
158 45 45
151 38 38
145 37 37
141 35 35
141 35 35
141 37 37
142 38 38
140 39 39
138 38 38
135 35 35
88 18 18
0 0 0
97 20 20
135 31 31
136 31 31
138 31 31
143 31 31
149 32 32
162 33 33
174 38 38
158 35 35
143 33 33
140 34 34
138 33 33
137 33 33
140 34 34
142 36 36
144 39 39
147 43 43
143 43 43
137 39 39
134 37 37
137 39 39
135 38 38
133 36 36
137 39 39
141 40 40
141 41 41
141 41 41
139 40 40
141 41 41
143 41 41
145 43 43
149 44 44
95 26 26
0 0 0
124 37 37
154 41 41
146 35 35
150 37 37
146 39 39
133 35 35
128 32 32
127 32 32
128 31 31
128 30 30
127 30 30
127 30 30
130 31 31
131 31 31
132 31 31
131 31 31
128 30 30
127 30 30
55 8 8
0 0 0
113 25 25
91 18 18
0 0 0
92 18 18
131 31 31
80 15 15
0 0 0
96 21 21
131 31 31
133 31 31
133 30 30
92 19 19
0 0 0
63 10 10
130 31 31
132 31 31
57 8 8
0 0 0
117 25 25
95 18 18
0 0 0
96 19 19
136 30 30
137 30 30
142 30 30
146 31 31
150 35 35
155 40 40
179 53 53
192 79 79
196 90 90
208 103 103
217 100 100
216 80 80
211 70 70
204 64 64
193 62 62
184 77 77
186 80 80
187 80 80
188 64 64
185 54 54
180 58 58
182 66 66
187 54 54
177 76 76
168 65 65
170 63 63
169 65 65
170 67 67
178 72 72
186 78 78
187 80 80
165 62 62
156 47 47
163 43 43
138 33 33
79 15 15
41 4 4
25 2 2
61 11 11
115 29 29
146 37 37
98 21 21
0 0 0
0 0 0
0 0 0
46 5 5
139 31 31
133 29 29
86 15 15
43 4 4
18 1 1
50 5 5
106 21 21
149 37 37
107 24 24
0 0 0
73 14 14
130 32 32
129 32 32
130 35 35
37 5 5
0 0 0
138 43 43
136 38 38
98 25 25
46 7 7
20 2 2
64 13 13
119 32 32
135 37 37
137 38 38
138 39 39
97 24 24
40 6 6
29 3 3
92 23 23
91 24 24
0 0 0
114 32 32
147 39 39
134 33 33
132 32 32
131 32 32
126 31 31
119 28 28
75 14 14
36 4 4
13 1 1
39 4 4
85 16 16
132 31 31
139 32 32
139 32 32
131 30 30
127 30 30
125 30 30
78 15 15
0 0 0
126 28 28
109 23 23
0 0 0
108 23 23
134 32 32
83 16 16
0 0 0
94 20 20
129 31 31
130 31 31
129 31 31
89 19 19
0 0 0
84 18 18
135 34 34
138 32 32
81 15 15
0 0 0
131 29 29
112 22 22
0 0 0
110 23 23
135 30 30
137 31 31
139 29 29
139 29 29
141 31 31
144 34 34
156 45 45
161 55 55
167 62 62
180 72 72
193 71 71
206 65 65
201 56 56
192 55 55
187 59 59
186 65 65
195 70 70
203 78 78
214 77 77
205 66 66
187 58 58
187 55 55
190 48 48
171 69 69
169 64 64
169 65 65
167 66 66
165 65 65
163 67 67
177 83 83
189 95 95
163 66 66
154 45 45
166 44 44
60 8 8
0 0 0
0 0 0
0 0 0
0 0 0
0 0 0
135 31 31
106 21 21
0 0 0
0 0 0
0 0 0
45 5 5
139 31 31
72 11 11
0 0 0
0 0 0
0 0 0
0 0 0
0 0 0
113 23 23
134 32 32
9 1 1
16 1 1
122 30 30
126 31 31
110 26 26
0 0 0
65 16 16
159 52 52
113 33 33
0 0 0
0 0 0
0 0 0
0 0 0
20 2 2
127 36 36
136 38 38
103 28 28
0 0 0
0 0 0
0 0 0
0 0 0
0 0 0
0 0 0
101 24 24
138 35 35
132 32 32
129 31 31
127 31 31
125 30 30
63 10 10
0 0 0
0 0 0
0 0 0
0 0 0
0 0 0
102 20 20
136 32 32
137 34 34
135 32 32
130 31 31
128 30 30
129 30 30
132 30 30
133 30 30
134 31 31
138 32 32
140 34 34
143 36 36
88 19 19
0 0 0
0 0 0
0 0 0
0 0 0
0 0 0
0 0 0
65 12 12
128 32 32
137 34 34
140 34 34
134 31 31
134 30 30
135 30 30
135 29 29
135 30 30
135 31 31
137 30 30
140 30 30
139 30 30
139 29 29
140 30 30
142 32 32
145 40 40
155 47 47
162 46 46
163 52 52
168 48 48
171 45 45
165 43 43
171 46 46
176 49 49
180 52 52
190 55 55
201 57 57
218 62 62
217 67 67
201 50 50
195 42 42
191 43 43
163 59 59
163 58 58
165 62 62
164 64 64
161 63 63
161 72 72
172 85 85
196 103 103
193 83 83
171 52 52
162 41 41
5 0 0
39 4 4
136 35 35
143 40 40
146 39 39
153 37 37
161 37 37
161 35 35
99 19 19
0 0 0
100 20 20
136 31 31
139 31 31
140 30 30
140 30 30
141 31 31
137 31 31
95 18 18
0 0 0
89 16 16
133 31 31
71 12 12
0 0 0
102 23 23
126 31 31
82 17 17
0 0 0
95 22 22
128 35 35
20 2 2
22 2 2
138 43 43
149 45 45
118 36 36
0 0 0
84 22 22
138 38 38
38 6 6
0 0 0
98 25 25
135 37 37
117 30 30
23 2 2
0 0 0
99 22 22
135 34 34
135 34 34
133 35 35
128 32 32
125 30 30
125 30 30
126 30 30
127 30 30
129 30 30
94 18 18
0 0 0
87 16 16
136 34 34
135 34 34
135 34 34
133 32 32
133 32 32
133 31 31
134 31 31
136 32 32
136 32 32
138 33 33
149 37 37
153 39 39
90 19 19
0 0 0
0 0 0
0 0 0
0 0 0
0 0 0
0 0 0
25 2 2
106 23 23
132 33 33
136 33 33
133 31 31
131 30 30
133 29 29
136 30 30
138 30 30
142 31 31
147 31 31
147 30 30
141 29 29
137 29 29
142 30 30
145 32 32
147 34 34
157 44 44
173 50 50
187 61 61
193 52 52
193 50 50
193 45 45
189 43 43
195 45 45
206 49 49
213 51 51
218 47 47
220 49 49
205 57 57
199 48 48
195 42 42
192 48 48
155 50 50
158 55 55
162 66 66
161 65 65
159 61 61
160 59 59
165 60 60
180 68 68
199 70 70
199 61 61
190 51 51
123 28 28
0 0 0
13 1 1
59 10 10
88 18 18
115 26 26
141 33 33
151 34 34
105 19 19
0 0 0
104 20 20
135 31 31
136 30 30
140 31 31
125 26 26
103 20 20
78 13 13
30 2 2
0 0 0
83 15 15
133 30 30
109 24 24
0 0 0
73 13 13
127 31 31
40 5 5
3 0 0
118 28 28
114 27 27
0 0 0
0 0 0
0 0 0
0 0 0
0 0 0
0 0 0
48 8 8
129 35 35
0 0 0
3 0 0
137 39 39
145 44 44
136 37 37
76 16 16
0 0 0
99 22 22
135 36 36
137 38 38
134 37 37
128 32 32
126 30 30
125 31 31
114 26 26
97 20 20
77 13 13
32 3 3
0 0 0
86 18 18
131 33 33
130 33 33
132 34 34
134 35 35
135 33 33
134 32 32
132 31 31
131 31 31
131 31 31
132 30 30
140 32 32
148 36 36
85 17 17
0 0 0
94 20 20
133 32 32
134 32 32
130 31 31
102 22 22
0 0 0
16 1 1
127 31 31
134 34 34
133 31 31
131 31 31
136 30 30
143 30 30
150 31 31
154 33 33
158 31 31
160 28 28
155 28 28
151 29 29
149 31 31
146 31 31
145 32 32
152 39 39
166 49 49
171 49 49
172 45 45
176 39 39
195 43 43
204 41 41
226 43 43
235 50 50
223 49 49
219 45 45
213 43 43
196 45 45
195 46 46
193 44 44
195 46 46
151 50 50
155 58 58
157 68 68
156 68 68
158 60 60
159 50 50
162 45 45
173 50 50
187 58 58
199 57 57
198 54 54
206 53 53
187 49 49
120 29 29
73 14 14
28 2 2
0 0 0
94 19 19
144 32 32
104 19 19
0 0 0
107 21 21
137 31 31
136 31 31
85 15 15
13 1 1
103 20 20
120 26 26
103 21 21
0 0 0
84 16 16
137 33 33
135 32 32
30 3 3
18 1 1
110 26 26
0 0 0
64 11 11
125 31 31
112 26 26
0 0 0
0 0 0
0 0 0
0 0 0
0 0 0
0 0 0
22 2 2
129 34 34
0 0 0
0 0 0
137 39 39
147 46 46
141 41 41
79 18 18
0 0 0
98 22 22
135 35 35
141 40 40
140 41 41
133 35 35
128 32 32
78 15 15
12 1 1
105 22 22
128 28 28
115 24 24
0 0 0
85 18 18
130 32 32
132 33 33
134 33 33
132 33 33
130 32 32
130 31 31
131 31 31
131 30 30
130 30 30
127 29 29
129 30 30
133 31 31
80 15 15
0 0 0
93 19 19
133 32 32
133 32 32
132 32 32
134 32 32
32 3 3
0 0 0
116 27 27
136 33 33
134 32 32
136 31 31
139 31 31
149 32 32
160 35 35
165 35 35
164 31 31
162 28 28
160 27 27
163 29 29
156 30 30
151 32 32
150 35 35
155 38 38
164 44 44
167 45 45
166 38 38
171 36 36
186 38 38
193 38 38
217 42 42
224 45 45
211 38 38
203 36 36
191 38 38
182 42 42
184 45 45
192 46 46
196 49 49
148 50 50
146 56 56
146 57 57
148 56 56
154 55 55
154 48 48
152 42 42
158 43 43
169 48 48
176 47 47
186 48 48
207 58 58
215 60 60
185 52 52
155 41 41
118 26 26
0 0 0
59 8 8
139 31 31
102 19 19
0 0 0
106 21 21
133 31 31
123 28 28
0 0 0
34 3 3
133 28 28
132 29 29
69 11 11
0 0 0
85 17 17
137 33 33
138 34 34
88 18 18
0 0 0
48 7 7
0 0 0
99 22 22
126 31 31
121 29 29
13 1 1
26 2 2
125 34 34
140 41 41
140 39 39
138 37 37
136 37 37
133 35 35
41 5 5
0 0 0
99 27 27
162 53 53
150 50 50
28 3 3
0 0 0
100 24 24
135 36 36
148 43 43
156 49 49
144 43 43
126 34 34
0 0 0
33 3 3
135 30 30
142 31 31
79 14 14
0 0 0
84 17 17
135 33 33
138 36 36
137 35 35
133 34 34
128 31 31
127 30 30
129 31 31
131 30 30
132 30 30
128 30 30
130 30 30
132 30 30
79 15 15
0 0 0
90 18 18
128 30 30
131 32 32
134 33 33
116 26 26
0 0 0
0 0 0
126 29 29
135 32 32
135 32 32
142 34 34
147 33 33
161 36 36
178 37 37
180 37 37
170 32 32
158 29 29
153 27 27
163 27 27
162 30 30
155 33 33
151 36 36
159 38 38
162 40 40
161 39 39
162 36 36
168 35 35
173 34 34
174 32 32
189 32 32
190 32 32
183 34 34
172 33 33
162 36 36
164 44 44
167 45 45
174 49 49
178 48 48
149 47 47
144 47 47
138 47 47
134 42 42
135 38 38
138 37 37
139 35 35
142 37 37
145 35 35
152 35 35
151 36 36
30 3 3
0 0 0
0 0 0
0 0 0
0 0 0
0 0 0
100 19 19
141 31 31
106 20 20
0 0 0
0 0 0
29 2 2
132 30 30
16 1 1
0 0 0
0 0 0
0 0 0
32 3 3
0 0 0
81 15 15
137 32 32
136 32 32
119 28 28
0 0 0
0 0 0
16 1 1
123 30 30
129 32 32
128 31 31
84 18 18
0 0 0
0 0 0
0 0 0
0 0 0
0 0 0
92 22 22
136 35 35
101 24 24
0 0 0
0 0 0
0 0 0
0 0 0
8 1 1
0 0 0
104 26 26
139 38 38
145 42 42
150 46 46
146 44 44
136 39 39
16 1 1
0 0 0
0 0 0
0 0 0
32 3 3
0 0 0
81 16 16
137 35 35
137 36 36
137 36 36
133 35 35
129 33 33
129 31 31
131 31 31
132 32 32
136 31 31
138 31 31
139 30 30
139 31 31
80 15 15
0 0 0
0 0 0
0 0 0
0 0 0
0 0 0
0 0 0
0 0 0
64 9 9
137 31 31
132 31 31
133 31 31
142 34 34
151 38 38
164 37 37
175 36 36
177 35 35
177 32 32
98 13 13
0 0 0
127 20 20
158 29 29
92 15 15
0 0 0
131 25 25
165 33 33
98 16 16
0 0 0
137 24 24
172 31 31
172 29 29
167 30 30
168 32 32
162 34 34
152 35 35
150 40 40
153 46 46
154 50 50
154 47 47
157 48 48
165 51 51
160 55 55
147 52 52
136 38 38
135 34 34
136 33 33
135 32 32
135 32 32
139 31 31
143 32 32
153 36 36
154 44 44
103 27 27
51 9 9
28 3 3
67 12 12
127 28 28
172 37 37
163 35 35
144 32 32
72 11 11
25 2 2
59 9 9
134 32 32
112 25 25
52 6 6
22 1 1
76 13 13
121 27 27
3 0 0
42 4 4
137 32 32
136 33 33
135 34 34
50 7 7
0 0 0
76 16 16
132 33 33
129 33 33
131 34 34
132 35 35
92 20 20
44 6 6
16 1 1
46 6 6
92 21 21
130 33 33
132 33 33
134 33 33
95 20 20
38 4 4
36 4 4
85 20 20
103 26 26
0 0 0
106 26 26
142 40 40
145 42 42
147 41 41
150 44 44
149 45 45
115 28 28
52 7 7
22 1 1
77 12 12
124 29 29
3 0 0
41 5 5
134 35 35
140 39 39
136 37 37
134 36 36
133 33 33
135 33 33
134 31 31
132 31 31
144 32 32
155 35 35
153 33 33
160 34 34
89 15 15
0 0 0
0 0 0
0 0 0
3 0 0
14 1 1
37 4 4
82 15 15
135 30 30
143 32 32
139 32 32
137 31 31
140 32 32
144 34 34
155 34 34
166 33 33
173 36 36
173 32 32
99 14 14
0 0 0
127 21 21
156 30 30
89 14 14
0 0 0
126 23 23
159 32 32
93 15 15
0 0 0
132 27 27
168 35 35
166 34 34
160 32 32
161 34 34
155 35 35
149 38 38
148 44 44
149 48 48
147 44 44
145 40 40
149 42 42
186 65 65
175 60 60
165 51 51
157 43 43
159 40 40
156 40 40
145 35 35
139 32 32
137 30 30
137 30 30
148 35 35
175 48 48
192 62 62
192 61 61
193 58 58
187 52 52
174 44 44
167 37 37
166 36 36
164 38 38
158 38 38
143 34 34
135 33 33
137 33 33
142 34 34
148 35 35
146 34 34
133 30 30
129 30 30
129 30 30
129 30 30
130 31 31
133 33 33
136 35 35
57 10 10
0 0 0
113 30 30
139 36 36
135 36 36
136 37 37
139 38 38
138 38 38
133 35 35
132 33 33
131 34 34
130 34 34
132 35 35
134 34 34
135 34 34
133 31 31
131 31 31
134 33 33
143 37 37
162 42 42
160 44 44
148 40 40
142 39 39
141 38 38
143 38 38
143 38 38
143 40 40
141 36 36
142 32 32
146 31 31
149 32 32
144 32 32
133 30 30
132 32 32
137 37 37
142 42 42
140 41 41
139 37 37
139 33 33
136 33 33
136 33 33
139 32 32
146 34 34
160 35 35
167 36 36
177 36 36
165 34 34
146 32 32
145 32 32
148 35 35
148 36 36
141 34 34
136 32 32
134 32 32
136 32 32
145 33 33
153 34 34
151 32 32
140 31 31
134 30 30
147 31 31
169 34 34
174 39 39
170 36 36
165 34 34
171 34 34
173 35 35
169 36 36
160 32 32
163 32 32
180 32 32
177 33 33
170 35 35
175 40 40
180 43 43
176 40 40
169 36 36
170 34 34
173 35 35
160 38 38
151 40 40
147 45 45
143 44 44
142 42 42
143 39 39
149 36 36
199 67 67
184 60 60
174 50 50
169 43 43
171 43 43
167 43 43
156 37 37
146 34 34
142 32 32
138 32 32
143 35 35
164 45 45
176 52 52
180 57 57
183 57 57
175 50 50
158 39 39
150 35 35
152 35 35
162 39 39
163 41 41
146 35 35
136 32 32
137 32 32
144 35 35
147 37 37
139 33 33
131 30 30
128 30 30
127 30 30
127 30 30
127 31 31
128 33 33
109 27 27
0 0 0
33 4 4
132 37 37
137 35 35
140 35 35
140 38 38
141 40 40
143 41 41
141 41 41
140 38 38
141 38 38
137 37 37
135 35 35
134 34 34
131 33 33
130 31 31
130 31 31
133 33 33
138 34 34
145 33 33
148 35 35
145 39 39
140 36 36
141 35 35
145 38 38
139 38 38
138 38 38
141 37 37
151 35 35
155 33 33
153 32 32
148 31 31
135 30 30
133 32 32
141 35 35
146 38 38
143 38 38
140 34 34
139 32 32
136 33 33
136 33 33
138 33 33
140 33 33
146 32 32
156 34 34
164 37 37
161 34 34
148 32 32
148 32 32
150 34 34
150 36 36
145 34 34
137 32 32
136 32 32
139 33 33
144 33 33
154 32 32
164 30 30
149 31 31
136 30 30
145 31 31
167 37 37
175 47 47
173 41 41
167 38 38
170 36 36
172 39 39
168 43 43
158 35 35
166 35 35
176 35 35
163 34 34
155 34 34
161 39 39
163 40 40
162 38 38
167 35 35
179 34 34
177 38 38
160 39 39
147 40 40
146 42 42
144 43 43
147 44 44
152 45 45
160 43 43
220 72 72
209 64 64
181 51 51
173 45 45
178 47 47
180 48 48
175 42 42
170 42 42
165 43 43
147 37 37
140 35 35
144 37 37
149 39 39
153 41 41
150 42 42
148 39 39
151 38 38
153 36 36
151 34 34
160 37 37
164 39 39
151 35 35
141 33 33
143 33 33
152 41 41
152 42 42
143 36 36
133 32 32
131 31 31
130 31 31
127 31 31
124 30 30
26 2 2
18 1 1
57 9 9
114 29 29
133 37 37
135 36 36
138 35 35
140 37 37
142 38 38
147 44 44
152 46 46
155 43 43
159 43 43
152 42 42
145 39 39
138 37 37
134 35 35
133 34 34
131 32 32
131 32 32
132 32 32
134 31 31
137 31 31
141 36 36
144 36 36
149 39 39
151 39 39
139 36 36
140 37 37
145 38 38
147 35 35
152 33 33
154 30 30
158 30 30
151 32 32
143 33 33
148 32 32
157 34 34
151 34 34
140 33 33
134 32 32
132 32 32
136 32 32
137 33 33
134 32 32
134 31 31
141 32 32
144 34 34
141 32 32
141 33 33
154 33 33
162 35 35
154 35 35
146 33 33
136 31 31
133 30 30
135 31 31
140 30 30
154 31 31
169 31 31
173 33 33
160 32 32
153 32 32
164 39 39
178 55 55
175 48 48
169 40 40
167 33 33
164 39 39
166 44 44
166 39 39
170 36 36
170 39 39
149 34 34
140 31 31
143 34 34
148 39 39
153 39 39
164 39 39
176 40 40
168 39 39
158 41 41
150 42 42
146 41 41
147 43 43
160 52 52
161 54 54
165 51 51
221 69 69
210 61 61
187 50 50
175 51 51
179 53 53
187 52 52
188 48 48
180 48 48
170 48 48
167 47 47
167 47 47
160 43 43
156 43 43
154 40 40
144 39 39
138 35 35
142 34 34
150 35 35
151 35 35
156 38 38
164 40 40
161 38 38
150 36 36
146 36 36
149 40 40
146 40 40
141 36 36
136 33 33
134 33 33
134 34 34
130 34 34
128 32 32
128 32 32
128 32 32
127 32 32
129 33 33
130 35 35
134 38 38
141 42 42
146 41 41
142 40 40
144 42 42
160 49 49
172 47 47
173 45 45
166 47 47
155 44 44
145 40 40
139 37 37
134 36 36
131 34 34
131 32 32
133 32 32
133 31 31
131 31 31
133 32 32
137 34 34
141 35 35
143 35 35
140 35 35
138 34 34
135 33 33
134 32 32
134 31 31
138 30 30
146 30 30
156 32 32
158 32 32
163 30 30
172 30 30
156 31 31
138 31 31
132 32 32
133 31 31
137 31 31
135 30 30
136 31 31
133 31 31
136 32 32
135 32 32
134 32 32
138 32 32
146 34 34
156 34 34
154 34 34
146 31 31
140 31 31
136 30 30
133 29 29
137 29 29
158 30 30
176 34 34
173 37 37
166 39 39
171 38 38
181 50 50
186 54 54
169 46 46
158 39 39
158 32 32
160 33 33
169 40 40
166 37 37
170 37 37
169 40 40
148 35 35
136 31 31
136 32 32
138 39 39
140 41 41
146 39 39
147 36 36
142 34 34
139 34 34
140 38 38
144 40 40
149 45 45
160 54 54
161 55 55
161 55 55
196 52 52
188 47 47
185 50 50
186 56 56
182 57 57
184 56 56
184 53 53
179 51 51
169 48 48
167 50 50
169 53 53
172 50 50
174 46 46
174 45 45
163 43 43
145 37 37
141 35 35
139 34 34
134 32 32
135 33 33
146 35 35
157 40 40
154 41 41
149 41 41
149 43 43
147 43 43
142 38 38
137 35 35
134 33 33
133 33 33
131 33 33
132 32 32
133 34 34
131 33 33
127 32 32
127 32 32
131 37 37
137 41 41
141 41 41
142 40 40
141 39 39
142 42 42
146 41 41
143 36 36
151 37 37
163 45 45
156 46 46
143 40 40
134 36 36
131 35 35
130 33 33
131 31 31
132 32 32
133 32 32
131 31 31
132 32 32
131 31 31
133 33 33
135 34 34
145 39 39
152 40 40
143 36 36
134 33 33
129 31 31
127 30 30
127 29 29
134 29 29
149 30 30
158 30 30
170 28 28
153 29 29
135 30 30
131 30 30
132 30 30
135 30 30
135 30 30
134 30 30
135 30 30
136 31 31
136 32 32
138 34 34
141 34 34
141 33 33
142 33 33
141 31 31
137 30 30
138 30 30
135 29 29
134 29 29
136 29 29
151 32 32
171 38 38
173 40 40
177 41 41
191 47 47
195 55 55
182 48 48
154 39 39
146 36 36
151 33 33
160 34 34
163 35 35
157 35 35
163 38 38
167 42 42
157 37 37
145 32 32
137 32 32
137 35 35
134 35 35
134 34 34
135 33 33
135 33 33
135 34 34
140 38 38
146 42 42
149 47 47
157 54 54
158 55 55
160 52 52
217 55 55
203 55 55
186 50 50
185 56 56
192 58 58
190 60 60
192 59 59
183 56 56
166 49 49
165 47 47
171 50 50
169 45 45
163 42 42
162 44 44
171 49 49
170 45 45
165 41 41
158 40 40
141 34 34
134 32 32
136 32 32
148 38 38
148 42 42
146 42 42
150 43 43
152 44 44
143 39 39
133 34 34
132 32 32
133 32 32
133 33 33
136 33 33
140 35 35
135 34 34
128 32 32
127 32 32
130 35 35
134 36 36
134 37 37
135 37 37
137 36 36
138 37 37
137 34 34
138 34 34
143 37 37
148 40 40
143 39 39
135 35 35
134 35 35
137 38 38
140 36 36
143 36 36
142 34 34
135 33 33
132 31 31
131 32 32
130 31 31
130 32 32
131 34 34
141 38 38
149 42 42
145 38 38
140 36 36
136 33 33
134 31 31
133 30 30
136 30 30
143 29 29
153 29 29
170 31 31
159 29 29
140 30 30
136 31 31
136 31 31
134 30 30
135 30 30
136 30 30
136 30 30
139 30 30
140 33 33
142 36 36
145 34 34
143 34 34
143 33 33
141 32 32
135 30 30
132 30 30
129 29 29
129 29 29
132 30 30
140 32 32
159 37 37
177 44 44
187 45 45
192 48 48
180 44 44
163 42 42
152 38 38
147 36 36
147 35 35
156 35 35
158 35 35
157 36 36
166 39 39
171 43 43
163 38 38
146 32 32
140 33 33
137 32 32
132 32 32
132 31 31
134 33 33
136 33 33
140 36 36
149 40 40
160 51 51
162 57 57
159 56 56
162 52 52
166 52 52
230 57 57
219 59 59
184 50 50
172 48 48
187 56 56
194 64 64
196 65 65
190 62 62
177 56 56
180 51 51
181 46 46
175 43 43
164 40 40
156 43 43
156 41 41
162 40 40
173 49 49
173 50 50
157 43 43
142 36 36
139 34 34
145 37 37
144 42 42
141 42 42
147 42 42
149 41 41
143 40 40
136 33 33
134 31 31
135 31 31
133 31 31
134 31 31
136 31 31
137 32 32
132 34 34
130 35 35
131 35 35
133 36 36
133 35 35
132 34 34
132 33 33
133 33 33
137 33 33
138 32 32
136 32 32
136 34 34
136 35 35
136 34 34
139 35 35
144 39 39
142 38 38
139 35 35
136 33 33
135 32 32
132 31 31
131 31 31
131 32 32
130 33 33
131 33 33
137 35 35
140 39 39
136 35 35
136 33 33
139 32 32
141 32 32
140 31 31
144 30 30
150 30 30
154 30 30
157 31 31
151 29 29
143 29 29
143 30 30
146 30 30
140 30 30
136 29 29
135 30 30
136 29 29
139 30 30
137 32 32
139 34 34
141 33 33
143 34 34
144 34 34
143 33 33
141 32 32
137 30 30
131 29 29
130 30 30
130 30 30
132 31 31
146 36 36
163 40 40
167 40 40
165 38 38
158 36 36
155 38 38
149 36 36
145 35 35
144 35 35
146 36 36
154 37 37
156 38 38
168 39 39
163 43 43
153 36 36
145 32 32
142 32 32
144 32 32
138 31 31
137 31 31
139 33 33
143 36 36
149 40 40
156 46 46
162 57 57
165 60 60
154 49 49
151 46 46
159 52 52
225 54 54
223 60 60
198 52 52
179 50 50
189 60 60
206 70 70
203 72 72
189 63 63
178 54 54
177 48 48
175 39 39
172 38 38
165 40 40
161 45 45
164 41 41
171 43 43
185 51 51
182 53 53
160 45 45
142 41 41
138 37 37
106 29 29
0 0 0
28 3 3
139 42 42
155 52 52
146 41 41
137 32 32
95 19 19
0 0 0
41 5 5
129 31 31
133 31 31
135 32 32
104 24 24
62 12 12
29 3 3
23 2 2
58 10 10
97 22 22
131 32 32
133 32 32
137 32 32
141 33 33
79 15 15
0 0 0
98 21 21
141 34 34
146 36 36
160 45 45
142 39 39
0 0 0
44 5 5
133 31 31
131 31 31
130 31 31
129 32 32
129 33 33
131 33 33
87 19 19
0 0 0
87 18 18
128 30 30
129 31 31
133 31 31
139 31 31
146 30 30
154 30 30
157 30 30
153 31 31
120 20 20
76 8 8
37 2 2
28 1 1
62 7 7
97 19 19
132 29 29
134 29 29
134 29 29
133 31 31
134 32 32
113 24 24
67 11 11
30 3 3
29 2 2
60 8 8
109 21 21
135 30 30
131 30 30
101 22 22
0 0 0
0 0 0
0 0 0
0 0 0
0 0 0
0 0 0
0 0 0
0 0 0
131 31 31
131 31 31
134 33 33
140 34 34
148 36 36
156 38 38
157 40 40
149 38 38
148 35 35
151 34 34
165 33 33
155 34 34
149 33 33
153 38 38
154 42 42
157 45 45
158 52 52
153 51 51
151 48 48
142 40 40
141 42 42
152 53 53
204 54 54
217 55 55
208 51 51
195 49 49
181 51 51
172 51 51
181 55 55
182 54 54
178 48 48
177 42 42
164 38 38
159 35 35
157 37 37
158 39 39
173 40 40
187 47 47
201 55 55
194 55 55
168 51 51
146 45 45
142 45 45
144 48 48
61 15 15
0 0 0
93 29 29
159 63 63
154 50 50
131 33 33
22 2 2
0 0 0
107 25 25
129 32 32
130 32 32
81 16 16
0 0 0
0 0 0
0 0 0
0 0 0
0 0 0
0 0 0
59 9 9
129 31 31
132 32 32
129 30 30
74 14 14
0 0 0
93 19 19
133 30 30
136 33 33
149 38 38
148 38 38
0 0 0
48 7 7
132 31 31
127 30 30
127 30 30
127 31 31
127 31 31
127 31 31
83 17 17
0 0 0
87 17 17
127 30 30
128 30 30
129 31 31
134 31 31
137 30 30
140 30 30
143 30 30
89 14 14
0 0 0
0 0 0
0 0 0
0 0 0
0 0 0
0 0 0
59 8 8
128 29 29
131 29 29
129 30 30
107 24 24
0 0 0
0 0 0
0 0 0
0 0 0
0 0 0
0 0 0
77 14 14
132 32 32
102 23 23
0 0 0
0 0 0
0 0 0
0 0 0
0 0 0
0 0 0
0 0 0
0 0 0
132 30 30
132 30 30
138 33 33
149 36 36
161 39 39
167 47 47
169 47 47
162 46 46
161 41 41
165 36 36
171 36 36
166 40 40
161 41 41
160 40 40
156 41 41
161 48 48
164 56 56
162 54 54
156 49 49
142 43 43
139 40 40
142 43 43
183 51 51
202 52 52
209 45 45
212 46 46
211 55 55
187 51 51
172 48 48
172 48 48
173 42 42
162 40 40
149 36 36
148 34 34
158 38 38
162 39 39
174 39 39
189 42 42
197 53 53
188 56 56
167 54 54
153 50 50
150 49 49
152 59 59
135 56 56
4 0 0
4 0 0
143 52 52
173 60 60
94 22 22
0 0 0
71 13 13
131 32 32
129 32 32
104 23 23
0 0 0
6 0 0
94 20 20
124 32 32
124 30 30
102 23 23
32 3 3
0 0 0
83 16 16
130 31 31
129 30 30
74 14 14
0 0 0
90 19 19
127 30 30
130 31 31
137 34 34
127 31 31
0 0 0
45 6 6
129 30 30
126 30 30
126 30 30
126 31 31
126 31 31
127 30 30
83 16 16
0 0 0
86 17 17
127 30 30
128 31 31
129 31 31
130 30 30
131 30 30
133 29 29
107 21 21
0 0 0
7 0 0
103 19 19
129 26 26
129 27 27
110 22 22
34 3 3
0 0 0
83 15 15
132 29 29
135 30 30
72 11 11
0 0 0
92 18 18
126 29 29
128 29 29
106 23 23
0 0 0
0 0 0
126 29 29
133 32 32
133 32 32
135 33 33
126 27 27
0 0 0
39 4 4
143 33 33
142 33 33
136 32 32
133 31 31
133 31 31
138 32 32
142 33 33
152 37 37
168 44 44
179 47 47
181 47 47
179 48 48
180 41 41
186 42 42
190 54 54
179 53 53
167 47 47
158 44 44
155 45 45
150 47 47
148 42 42
149 42 42
150 44 44
151 44 44
154 43 43
186 48 48
185 50 50
175 43 43
183 43 43
196 51 51
192 49 49
180 47 47
174 46 46
169 42 42
155 39 39
146 35 35
147 35 35
159 40 40
182 43 43
190 39 39
192 39 39
196 44 44
177 47 47
156 43 43
147 47 47
150 50 50
161 65 65
166 76 76
95 35 35
0 0 0
73 21 21
149 48 48
4 0 0
23 2 2
131 34 34
139 36 36
132 33 33
58 9 9
0 0 0
84 16 16
132 31 31
133 33 33
130 33 33
128 32 32
102 23 23
0 0 0
14 1 1
126 30 30
129 31 31
75 14 14
0 0 0
90 19 19
125 30 30
125 30 30
128 30 30
115 27 27
0 0 0
44 5 5
127 30 30
126 30 30
125 30 30
125 31 31
126 30 30
127 30 30
83 16 16
0 0 0
91 18 18
133 32 32
129 31 31
127 30 30
128 30 30
128 30 30
130 30 30
58 8 8
0 0 0
91 17 17
136 30 30
130 29 29
129 29 29
129 29 29
103 21 21
0 0 0
14 1 1
137 30 30
145 31 31
79 13 13
0 0 0
72 13 13
122 29 29
131 30 30
131 30 30
133 31 31
134 32 32
135 32 32
133 32 32
132 32 32
132 32 32
121 28 28
0 0 0
39 4 4
151 33 33
146 34 34
138 33 33
134 32 32
138 32 32
137 32 32
137 32 32
143 34 34
156 35 35
167 38 38
175 40 40
182 44 44
190 47 47
197 51 51
195 57 57
196 61 61
188 60 60
175 59 59
159 46 46
149 41 41
150 39 39
152 38 38
158 46 46
163 44 44
161 43 43
191 55 55
166 47 47
151 41 41
155 41 41
172 51 51
184 53 53
189 51 51
178 46 46
157 37 37
160 39 39
163 39 39
159 38 38
166 40 40
186 44 44
204 39 39
194 36 36
186 38 38
164 43 43
145 41 41
144 46 46
152 51 51
162 60 60
168 68 68
149 58 58
39 8 8
0 0 0
44 8 8
0 0 0
106 27 27
145 39 39
137 37 37
131 33 33
3 0 0
0 0 0
114 24 24
134 32 32
136 34 34
135 33 33
131 32 32
126 30 30
0 0 0
0 0 0
114 26 26
128 31 31
74 14 14
0 0 0
91 19 19
125 30 30
125 30 30
126 30 30
109 25 25
0 0 0
43 6 6
127 31 31
126 30 30
126 30 30
127 31 31
126 30 30
126 29 29
82 16 16
0 0 0
90 18 18
133 31 31
131 30 30
130 30 30
130 31 31
129 30 30
128 29 29
3 0 0
0 0 0
116 25 25
130 29 29
127 29 29
127 29 29
127 29 29
124 28 28
0 0 0
0 0 0
126 26 26
149 32 32
119 26 26
0 0 0
0 0 0
3 0 0
73 13 13
115 25 25
137 33 33
139 33 33
138 34 34
135 32 32
133 32 32
132 32 32
119 28 28
0 0 0
39 4 4
153 38 38
152 37 37
146 35 35
145 34 34
147 33 33
145 32 32
146 33 33
152 33 33
162 35 35
173 37 37
183 42 42
184 49 49
191 49 49
203 56 56
207 63 63
212 62 62
207 66 66
185 62 62
161 50 50
155 42 42
159 39 39
157 42 42
162 46 46
174 45 45
177 44 44
168 45 45
150 38 38
145 39 39
146 40 40
154 44 44
178 54 54
206 61 61
209 51 51
180 42 42
174 42 42
179 41 41
178 41 41
176 42 42
178 43 43
191 39 39
185 34 34
168 37 37
158 43 43
146 44 44
143 47 47
143 50 50
146 51 51
156 52 52
157 54 54
122 42 42
0 0 0
0 0 0
53 10 10
139 39 39
145 43 43
143 39 39
131 31 31
0 0 0
0 0 0
121 27 27
134 32 32
139 33 33
139 33 33
136 32 32
134 31 31
26 2 2
0 0 0
111 24 24
129 31 31
75 14 14
0 0 0
92 19 19
126 30 30
126 30 30
126 30 30
107 24 24
0 0 0
42 5 5
127 31 31
126 31 31
126 30 30
127 30 30
126 30 30
126 29 29
82 16 16
0 0 0
86 17 17
127 30 30
127 30 30
128 30 30
129 30 30
129 30 30
126 28 28
0 0 0
0 0 0
123 27 27
128 29 29
127 29 29
126 29 29
125 29 29
125 29 29
24 2 2
0 0 0
116 24 24
139 31 31
136 31 31
108 24 24
36 4 4
0 0 0
0 0 0
0 0 0
64 11 11
129 30 30
147 35 35
141 34 34
135 33 33
134 32 32
117 27 27
0 0 0
37 4 4
142 35 35
146 37 37
150 34 34
153 33 33
154 36 36
155 34 34
156 34 34
161 34 34
168 34 34
174 36 36
175 40 40
166 48 48
176 47 47
203 54 54
210 62 62
221 70 70
217 66 66
195 61 61
169 49 49
165 45 45
172 41 41
167 41 41
164 40 40
173 43 43
179 52 52
167 47 47
146 39 39
141 41 41
145 49 49
154 51 51
171 60 60
192 66 66
197 56 56
189 52 52
186 49 49
181 45 45
173 39 39
170 39 39
165 36 36
164 32 32
178 34 34
187 39 39
175 49 49
165 60 60
151 54 54
141 52 52
141 48 48
147 49 49
154 53 53
152 49 49
51 10 10
0 0 0
110 29 29
145 44 44
149 47 47
149 42 42
142 34 34
3 0 0
0 0 0
111 24 24
133 31 31
135 31 31
134 30 30
131 30 30
128 29 29
0 0 0
0 0 0
118 25 25
132 30 30
79 14 14
0 0 0
93 19 19
128 30 30
127 30 30
126 31 31
108 24 24
0 0 0
44 5 5
127 30 30
128 30 30
126 30 30
126 30 30
127 30 30
125 30 30
81 15 15
0 0 0
86 17 17
126 29 29
126 29 29
128 30 30
127 30 30
129 29 29
129 29 29
3 0 0
0 0 0
119 24 24
133 29 29
128 29 29
128 29 29
127 29 29
123 29 29
0 0 0
0 0 0
120 25 25
136 31 31
136 31 31
134 32 32
131 31 31
103 24 24
48 7 7
0 0 0
0 0 0
27 2 2
155 38 38
158 40 40
141 34 34
134 32 32
116 27 27
0 0 0
36 3 3
134 31 31
139 32 32
143 33 33
147 33 33
154 34 34
156 33 33
160 35 35
165 35 35
163 32 32
162 32 32
159 34 34
169 44 44
196 55 55
221 65 65
228 64 64
228 60 60
216 52 52
193 53 53
173 48 48
163 42 42
164 37 37
165 34 34
156 36 36
155 36 36
157 40 40
161 51 51
148 46 46
146 48 48
147 55 55
148 48 48
155 53 53
178 66 66
193 64 64
185 53 53
185 50 50
191 50 50
174 41 41
159 33 33
153 32 32
148 30 30
156 31 31
168 34 34
162 40 40
163 53 53
151 54 54
141 50 50
142 51 51
145 44 44
152 45 45
157 48 48
63 13 13
0 0 0
118 33 33
149 44 44
158 49 49
169 50 50
175 44 44
71 11 11
0 0 0
84 16 16
131 30 30
130 30 30
130 29 29
130 29 29
104 22 22
0 0 0
15 1 1
131 29 29
137 30 30
88 16 16
0 0 0
83 16 16
128 30 30
129 30 30
130 32 32
106 25 25
0 0 0
53 7 7
128 30 30
130 31 31
128 30 30
127 29 29
127 29 29
125 29 29
81 16 16
0 0 0
89 17 17
131 30 30
131 30 30
135 30 30
139 31 31
142 30 30
141 29 29
62 7 7
0 0 0
95 14 14
147 29 29
137 29 29
131 30 30
128 30 30
101 22 22
0 0 0
15 1 1
134 30 30
137 31 31
136 31 31
136 31 31
136 32 32
139 35 35
145 41 41
131 39 39
55 8 8
0 0 0
118 27 27
149 40 40
144 35 35
136 32 32
117 27 27
0 0 0
35 3 3
133 32 32
135 33 33
140 33 33
144 32 32
152 33 33
161 33 33
161 35 35
165 35 35
162 33 33
154 32 32
147 32 32
155 38 38
182 52 52
221 63 63
228 57 57
218 45 45
201 44 44
177 46 46
160 43 43
151 35 35
152 33 33
155 32 32
149 33 33
143 34 34
150 37 37
168 54 54
154 50 50
149 51 51
149 54 54
147 45 45
149 49 49
162 57 57
180 69 69
184 57 57
183 45 45
192 47 47
190 42 42
178 35 35
166 31 31
150 30 30
148 30 30
153 33 33
156 39 39
163 52 52
153 53 53
144 51 51
143 48 48
142 42 42
142 38 38
151 43 43
68 14 14
0 0 0
132 39 39
152 43 43
152 42 42
160 45 45
176 46 46
141 34 34
0 0 0
3 0 0
92 18 18
123 28 28
127 28 28
105 21 21
29 2 2
0 0 0
84 15 15
131 30 30
131 30 30
99 20 20
0 0 0
26 2 2
109 24 24
128 30 30
124 30 30
64 11 11
0 0 0
76 15 15
130 31 31
133 31 31
132 31 31
129 29 29
128 29 29
127 29 29
83 16 16
0 0 0
96 18 18
139 30 30
136 30 30
139 31 31
155 32 32
175 32 32
172 31 31
125 19 19
0 0 0
5 0 0
115 18 18
143 29 29
139 30 30
112 23 23
30 2 2
0 0 0
86 16 16
136 31 31
131 29 29
18 1 1
4 0 0
122 26 26
153 38 38
158 46 46
155 48 48
72 14 14
0 0 0
132 33 33
141 37 37
133 32 32
133 33 33
119 27 27
0 0 0
36 4 4
134 34 34
139 34 34
143 33 33
141 32 32
145 31 31
158 34 34
167 38 38
157 35 35
152 34 34
142 32 32
137 31 31
142 35 35
166 48 48
200 61 61
197 53 53
190 46 46
189 50 50
181 48 48
170 43 43
153 35 35
149 33 33
157 34 34
159 36 36
161 38 38
168 37 37
181 69 69
172 68 68
156 59 59
147 52 52
150 49 49
155 50 50
154 51 51
165 59 59
183 60 60
185 49 49
200 48 48
211 51 51
200 45 45
182 36 36
159 32 32
150 32 32
147 37 37
157 46 46
181 66 66
183 77 77
158 63 63
148 52 52
139 39 39
136 34 34
148 39 39
70 13 13
0 0 0
139 41 41
156 42 42
155 40 40
153 41 41
156 41 41
162 41 41
92 17 17
0 0 0
0 0 0
0 0 0
0 0 0
0 0 0
0 0 0
56 7 7
125 28 28
128 30 30
127 30 30
123 28 28
39 4 4
0 0 0
0 0 0
0 0 0
0 0 0
0 0 0
10 1 1
118 27 27
136 32 32
139 32 32
138 31 31
130 30 30
128 30 30
128 29 29
83 16 16
0 0 0
0 0 0
0 0 0
0 0 0
0 0 0
0 0 0
33 2 2
167 31 31
166 30 30
96 12 12
0 0 0
0 0 0
0 0 0
0 0 0
0 0 0
0 0 0
58 9 9
128 30 30
131 30 30
133 30 30
91 18 18
0 0 0
0 0 0
0 0 0
0 0 0
0 0 0
0 0 0
58 8 8
153 39 39
141 36 36
135 33 33
132 34 34
119 28 28
0 0 0
36 4 4
139 35 35
151 35 35
153 34 34
146 32 32
145 31 31
157 35 35
171 37 37
162 37 37
144 32 32
135 31 31
134 30 30
138 34 34
151 40 40
170 52 52
181 56 56
192 55 55
203 58 58
197 54 54
186 45 45
163 36 36
151 34 34
155 34 34
157 33 33
161 34 34
166 34 34
181 98 98
185 96 96
167 83 83
145 56 56
156 54 54
179 54 54
166 51 51
160 53 53
168 52 52
176 45 45
193 46 46
210 55 55
206 54 54
191 42 42
169 34 34
151 35 35
146 37 37
161 47 47
190 66 66
187 68 68
161 56 56
153 52 52
145 41 41
138 36 36
143 34 34
63 10 10
0 0 0
132 34 34
162 44 44
153 40 40
147 39 39
145 36 36
145 34 34
141 33 33
110 23 23
66 10 10
26 2 2
19 1 1
55 7 7
93 19 19
125 28 28
127 29 29
126 29 29
126 29 29
126 29 29
120 28 28
78 15 15
39 4 4
11 1 1
27 2 2
67 11 11
117 25 25
143 33 33
149 35 35
144 33 33
142 32 32
134 30 30
128 30 30
128 30 30
84 16 16
0 0 0
0 0 0
0 0 0
0 0 0
0 0 0
0 0 0
30 2 2
154 31 31
153 31 31
160 30 30
139 24 24
91 13 13
36 3 3
27 2 2
75 11 11
122 26 26
149 35 35
138 32 32
132 31 31
131 31 31
132 31 31
103 22 22
66 10 10
39 4 4
18 1 1
56 7 7
106 21 21
145 33 33
146 33 33
140 33 33
135 34 34
135 34 34
121 31 31
0 0 0
38 5 5
146 38 38
163 38 38
173 38 38
165 35 35
161 34 34
162 38 38
173 41 41
167 37 37
153 34 34
138 30 30
135 30 30
138 34 34
150 39 39
158 46 46
187 63 63
212 69 69
224 76 76
219 71 71
204 54 54
178 39 39
158 36 36
146 35 35
145 33 33
152 33 33
157 33 33
185 90 90
191 93 93
186 98 98
170 86 86
169 67 67
173 55 55
171 54 54
162 48 48
152 42 42
149 36 36
154 36 36
161 41 41
171 42 42
171 38 38
163 34 34
162 37 37
155 39 39
160 41 41
171 48 48
160 45 45
153 45 45
150 44 44
142 38 38
135 35 35
135 32 32
139 34 34
143 35 35
143 36 36
144 35 35
140 34 34
140 34 34
145 35 35
143 32 32
134 31 31
132 30 30
132 30 30
130 30 30
129 29 29
131 29 29
130 29 29
129 30 30
129 30 30
127 29 29
127 29 29
128 30 30
130 30 30
135 30 30
133 29 29
129 30 30
130 30 30
132 30 30
135 31 31
138 31 31
146 33 33
153 35 35
151 34 34
149 33 33
135 31 31
129 30 30
130 30 30
134 30 30
138 32 32
142 31 31
145 32 32
148 32 32
149 32 32
147 31 31
150 31 31
156 30 30
154 30 30
162 33 33
168 35 35
170 37 37
178 39 39
182 39 39
169 38 38
170 39 39
163 39 39
140 33 33
132 32 32
130 31 31
132 31 31
136 33 33
140 34 34
143 32 32
144 32 32
146 32 32
144 32 32
139 32 32
138 32 32
139 35 35
140 36 36
139 35 35
139 39 39
146 42 42
160 43 43
178 45 45
179 44 44
173 35 35
169 35 35
162 38 38
162 40 40
150 37 37
144 33 33
140 31 31
141 34 34
153 45 45
167 49 49
174 54 54
190 57 57
210 68 68
224 84 84
212 76 76
195 57 57
176 46 46
164 44 44
150 40 40
142 36 36
141 33 33
148 31 31
190 85 85
190 86 86
192 90 90
190 88 88
181 70 70
178 59 59
182 62 62
181 56 56
167 47 47
149 36 36
143 32 32
140 32 32
141 33 33
150 35 35
164 39 39
180 45 45
168 42 42
153 38 38
152 37 37
154 40 40
161 44 44
150 40 40
138 36 36
132 33 33
130 31 31
133 31 31
144 33 33
153 37 37
157 38 38
152 37 37
146 35 35
153 36 36
154 33 33
139 30 30
135 30 30
137 30 30
132 30 30
130 29 29
128 29 29
129 30 30
130 30 30
132 30 30
134 29 29
135 30 30
133 30 30
133 30 30
136 30 30
135 30 30
133 30 30
134 31 31
137 32 32
141 31 31
142 31 31
140 31 31
145 32 32
158 34 34
174 36 36
147 33 33
130 30 30
129 30 30
131 30 30
136 31 31
142 31 31
144 32 32
145 31 31
147 30 30
150 31 31
153 31 31
161 31 31
177 31 31
189 35 35
186 39 39
184 42 42
200 43 43
210 44 44
213 44 44
206 44 44
188 45 45
169 40 40
147 33 33
135 32 32
134 31 31
136 32 32
136 32 32
136 31 31
136 31 31
137 31 31
136 31 31
134 32 32
137 33 33
141 35 35
140 34 34
141 35 35
143 38 38
151 45 45
157 45 45
163 41 41
166 36 36
157 35 35
156 37 37
153 39 39
150 39 39
146 36 36
144 34 34
145 33 33
150 35 35
164 46 46
172 57 57
177 52 52
194 51 51
217 72 72
228 86 86
215 78 78
199 65 65
167 51 51
154 45 45
150 40 40
147 35 35
151 33 33
161 32 32
195 88 88
193 84 84
186 78 78
178 74 74
175 63 63
173 54 54
174 52 52
181 50 50
173 41 41
165 38 38
166 35 35
161 33 33
155 35 35
162 40 40
168 41 41
166 41 41
159 36 36
145 33 33
143 33 33
147 34 34
154 38 38
146 35 35
136 33 33
132 31 31
133 31 31
137 32 32
146 33 33
149 34 34
153 35 35
157 37 37
157 36 36
155 36 36
152 34 34
142 32 32
137 30 30
140 31 31
139 31 31
135 30 30
131 29 29
130 29 29
131 30 30
132 29 29
133 30 30
136 30 30
134 29 29
132 30 30
133 30 30
134 29 29
134 30 30
133 31 31
135 31 31
137 31 31
137 30 30
137 30 30
139 31 31
155 34 34
184 36 36
165 36 36
145 31 31
141 31 31
136 30 30
135 31 31
138 31 31
141 31 31
141 30 30
143 30 30
146 31 31
148 31 31
154 31 31
181 34 34
207 45 45
211 49 49
187 43 43
181 41 41
204 44 44
212 43 43
208 41 41
206 43 43
178 41 41
150 34 34
137 31 31
133 31 31
134 32 32
137 32 32
135 31 31
135 30 30
135 31 31
134 32 32
134 33 33
137 34 34
142 34 34
142 32 32
144 34 34
146 38 38
159 50 50
177 53 53
182 40 40
173 35 35
153 36 36
143 34 34
141 35 35
149 38 38
155 41 41
160 38 38
167 37 37
165 36 36
170 43 43
171 52 52
163 49 49
177 53 53
206 78 78
224 96 96
224 92 92
212 75 75
175 50 50
155 41 41
154 36 36
155 37 37
156 33 33
162 31 31
174 68 68
179 69 69
179 67 67
175 68 68
175 66 66
175 56 56
174 54 54
178 43 43
177 37 37
170 35 35
168 36 36
169 36 36
163 39 39
161 42 42
161 41 41
155 38 38
151 37 37
148 32 32
144 32 32
144 33 33
144 33 33
138 34 34
135 32 32
134 32 32
136 31 31
142 31 31
142 31 31
146 32 32
151 33 33
152 34 34
159 35 35
163 36 36
167 37 37
163 36 36
151 33 33
151 32 32
151 31 31
144 30 30
137 30 30
135 30 30
135 30 30
136 30 30
134 30 30
133 29 29
130 29 29
128 29 29
128 29 29
128 29 29
130 30 30
135 31 31
139 32 32
137 31 31
136 30 30
134 30 30
133 30 30
137 32 32
149 31 31
150 32 32
145 31 31
155 33 33
158 34 34
144 32 32
139 31 31
142 32 32
144 31 31
147 31 31
148 32 32
146 31 31
149 32 32
162 33 33
186 38 38
206 48 48
196 42 42
192 41 41
199 42 42
193 39 39
198 36 36
204 38 38
188 38 38
164 38 38
142 34 34
133 31 31
134 32 32
134 30 30
135 31 31
135 31 31
136 33 33
138 34 34
139 35 35
138 35 35
143 35 35
143 33 33
141 33 33
138 34 34
145 43 43
167 54 54
185 46 46
181 37 37
170 36 36
163 36 36
153 36 36
147 36 36
154 38 38
162 36 36
168 34 34
169 35 35
173 40 40
176 45 45
168 49 49
168 57 57
186 71 71
217 84 84
222 81 81
214 67 67
181 47 47
157 36 36
153 33 33
151 34 34
148 32 32
148 30 30
165 62 62
172 62 62
182 65 65
183 66 66
183 69 69
187 70 70
189 64 64
178 45 45
170 35 35
174 36 36
171 39 39
164 39 39
158 40 40
157 40 40
157 36 36
152 35 35
148 34 34
146 32 32
142 31 31
140 31 31
135 32 32
131 31 31
133 32 32
136 31 31
139 32 32
141 32 32
140 31 31
140 30 30
141 30 30
141 31 31
142 31 31
146 32 32
158 34 34
173 35 35
172 34 34
173 34 34
174 32 32
158 30 30
147 30 30
142 30 30
139 29 29
135 29 29
136 29 29
136 29 29
130 30 30
127 29 29
126 29 29
127 29 29
128 30 30
132 31 31
138 32 32
141 32 32
143 30 30
143 31 31
138 31 31
133 31 31
136 31 31
143 32 32
150 32 32
168 35 35
180 39 39
178 40 40
161 36 36
150 35 35
148 32 32
143 31 31
139 31 31
138 32 32
138 31 31
139 31 31
148 32 32
167 35 35
168 35 35
168 34 34
170 37 37
171 37 37
176 37 37
189 38 38
186 35 35
176 37 37
149 35 35
137 31 31
136 32 32
134 31 31
138 32 32
139 35 35
140 35 35
142 36 36
141 36 36
139 36 36
143 34 34
141 32 32
136 32 32
131 33 33
134 34 34
149 42 42
169 41 41
176 34 34
182 39 39
185 42 42
184 40 40
170 38 38
164 37 37
163 33 33
165 35 35
168 37 37
174 48 48
178 49 49
173 50 50
168 55 55
174 61 61
215 74 74
219 68 68
206 45 45
179 33 33
158 31 31
149 31 31
145 31 31
144 31 31
141 30 30
177 71 71
174 62 62
175 58 58
191 71 71
207 82 82
205 78 78
184 65 65
171 48 48
162 37 37
155 34 34
153 34 34
160 36 36
160 37 37
153 35 35
153 34 34
153 35 35
143 32 32
138 30 30
136 30 30
133 30 30
130 31 31
128 30 30
132 30 30
134 31 31
131 30 30
130 29 29
132 30 30
136 30 30
138 30 30
138 30 30
137 30 30
136 31 31
135 30 30
146 32 32
168 33 33
175 33 33
173 32 32
153 30 30
138 29 29
137 29 29
136 29 29
134 29 29
133 29 29
133 29 29
132 29 29
128 29 29
126 29 29
126 29 29
128 30 30
128 30 30
129 30 30
131 30 30
133 30 30
137 31 31
141 31 31
138 32 32
139 32 32
146 34 34
154 37 37
162 34 34
169 36 36
180 38 38
179 42 42
166 36 36
148 31 31
135 30 30
135 31 31
138 31 31
139 31 31
139 31 31
136 31 31
137 30 30
143 30 30
151 31 31
156 36 36
159 36 36
166 37 37
178 38 38
179 32 32
169 34 34
151 33 33
147 32 32
143 32 32
140 32 32
144 35 35
151 39 39
150 40 40
145 38 38
144 37 37
147 36 36
143 34 34
137 31 31
133 31 31
130 30 30
130 32 32
135 32 32
148 34 34
173 38 38
181 39 39
178 41 41
175 43 43
163 40 40
157 36 36
155 35 35
159 37 37
166 41 41
171 56 56
179 62 62
174 60 60
176 61 61
188 66 66
217 73 73
209 57 57
193 36 36
173 29 29
157 30 30
150 31 31
145 31 31
145 31 31
147 30 30
203 92 92
167 61 61
152 49 49
172 61 61
207 84 84
210 86 86
185 76 76
166 51 51
156 42 42
149 40 40
150 36 36
162 36 36
167 36 36
160 38 38
163 38 38
171 38 38
164 35 35
150 31 31
141 30 30
134 30 30
130 30 30
129 29 29
131 29 29
132 29 29
131 29 29
130 30 30
133 29 29
140 30 30
139 30 30
139 31 31
136 31 31
132 31 31
133 30 30
136 31 31
144 31 31
150 31 31
155 30 30
144 30 30
133 29 29
136 29 29
138 29 29
138 29 29
138 29 29
140 30 30
137 30 30
131 29 29
127 29 29
126 29 29
127 30 30
127 30 30
127 30 30
127 29 29
128 29 29
129 30 30
133 30 30
135 31 31
136 32 32
142 35 35
155 37 37
168 36 36
172 34 34
174 37 37
168 36 36
164 32 32
153 30 30
137 30 30
137 30 30
140 31 31
141 30 30
137 30 30
135 31 31
137 30 30
137 30 30
142 32 32
147 35 35
158 35 35
168 35 35
168 31 31
167 29 29
160 31 31
148 32 32
151 33 33
171 34 34
177 38 38
172 40 40
177 44 44
176 50 50
172 46 46
174 48 48
162 41 41
139 33 33
132 30 30
132 30 30
132 30 30
134 31 31
144 33 33
161 38 38
169 42 42
169 41 41
168 44 44
167 53 53
168 52 52
164 45 45
152 40 40
148 40 40
158 45 45
169 62 62
170 69 69
162 56 56
173 59 59
193 73 73
201 67 67
188 44 44
177 35 35
164 31 31
158 30 30
153 30 30
148 31 31
148 31 31
146 30 30
205 86 86
160 56 56
150 51 51
169 64 64
194 84 84
202 86 86
189 76 76
179 58 58
173 48 48
162 43 43
159 38 38
161 37 37
170 37 37
171 38 38
175 40 40
182 44 44
172 38 38
152 32 32
145 30 30
138 29 29
133 30 30
134 29 29
136 30 30
137 30 30
139 30 30
135 30 30
136 30 30
146 31 31
149 32 32
143 32 32
136 32 32
131 30 30
131 30 30
133 30 30
135 30 30
138 31 31
141 30 30
139 30 30
139 30 30
142 29 29
143 29 29
142 29 29
144 29 29
144 29 29
144 30 30
136 29 29
129 29 29
127 29 29
126 30 30
127 30 30
128 30 30
127 30 30
127 30 30
127 30 30
127 30 30
129 30 30
131 31 31
137 34 34
150 35 35
158 35 35
169 34 34
178 37 37
177 39 39
189 36 36
185 31 31
161 31 31
147 31 31
142 31 31
140 30 30
137 30 30
135 30 30
133 29 29
135 30 30
137 31 31
142 31 31
153 30 30
166 30 30
159 29 29
150 29 29
141 30 30
137 30 30
147 33 33
185 37 37
202 42 42
191 42 42
183 45 45
197 50 50
212 59 59
199 60 60
161 43 43
144 36 36
138 32 32
133 31 31
134 32 32
137 32 32
144 34 34
152 38 38
146 38 38
144 39 39
149 45 45
157 53 53
165 58 58
156 51 51
143 41 41
138 37 37
141 41 41
147 51 51
153 61 61
152 49 49
160 52 52
175 62 62
183 60 60
176 45 45
169 37 37
167 34 34
162 31 31
160 30 30
153 33 33
151 33 33
144 32 32
207 89 89
173 64 64
154 54 54
163 61 61
185 76 76
195 77 77
196 71 71
185 54 54
180 44 44
188 43 43
182 41 41
166 37 37
164 37 37
177 40 40
186 43 43
183 44 44
174 40 40
159 34 34
147 30 30
139 30 30
135 29 29
135 30 30
136 30 30
136 31 31
138 31 31
139 31 31
139 31 31
140 32 32
140 31 31
139 31 31
136 31 31
131 30 30
131 30 30
137 30 30
139 30 30
138 30 30
135 30 30
134 29 29
143 29 29
150 30 30
155 30 30
147 29 29
142 29 29
143 29 29
142 29 29
133 29 29
127 29 29
126 29 29
126 29 29
127 30 30
128 30 30
127 30 30
128 30 30
131 31 31
131 30 30
129 30 30
130 31 31
131 31 31
132 30 30
131 30 30
132 31 31
138 32 32
146 35 35
154 33 33
151 30 30
141 29 29
137 30 30
133 29 29
131 29 29
132 29 29
131 29 29
130 29 29
133 29 29
137 29 29
141 29 29
158 29 29
170 31 31
157 31 31
150 31 31
139 30 30
134 30 30
148 33 33
178 40 40
183 42 42
170 44 44
165 45 45
190 52 52
200 59 59
181 58 58
162 47 47
149 41 41
144 34 34
143 33 33
145 36 36
145 35 35
146 35 35
141 36 36
135 34 34
135 34 34
140 38 38
156 50 50
169 64 64
158 60 60
143 45 45
139 40 40
136 42 42
136 42 42
142 48 48
141 44 44
144 46 46
160 62 62
180 64 64
182 50 50
182 37 37
183 33 33
167 30 30
155 31 31
149 34 34
145 35 35
144 34 34
214 95 95
197 86 86
169 64 64
159 57 57
169 62 62
191 74 74
208 67 67
199 53 53
191 43 43
191 43 43
170 38 38
149 35 35
143 34 34
153 37 37
172 41 41
177 40 40
172 35 35
163 35 35
161 32 32
162 31 31
154 31 31
138 31 31
134 31 31
136 31 31
139 31 31
141 31 31
141 31 31
140 31 31
138 31 31
138 30 30
137 30 30
131 30 30
133 30 30
141 30 30
137 30 30
132 30 30
131 29 29
129 29 29
131 29 29
136 29 29
148 30 30
156 30 30
145 29 29
139 29 29
136 29 29
131 29 29
129 29 29
128 29 29
128 29 29
128 30 30
128 30 30
128 30 30
128 30 30
132 30 30
130 30 30
131 30 30
131 30 30
132 30 30
133 30 30
130 30 30
131 30 30
134 31 31
140 31 31
143 31 31
137 30 30
133 30 30
134 30 30
130 29 29
132 28 28
134 28 28
132 28 28
131 29 29
132 29 29
137 29 29
142 30 30
154 33 33
157 33 33
150 33 33
145 33 33
138 31 31
144 33 33
166 37 37
193 44 44
187 48 48
159 42 42
151 42 42
162 45 45
154 45 45
151 45 45
168 54 54
166 49 49
144 35 35
139 33 33
145 35 35
151 34 34
143 32 32
134 33 33
133 33 33
133 32 32
136 35 35
148 43 43
164 60 60
160 68 68
148 52 52
140 42 42
135 42 42
132 38 38
133 37 37
131 36 36
133 37 37
145 50 50
174 64 64
189 53 53
195 41 41
193 33 33
168 30 30
148 31 31
146 34 34
147 34 34
149 36 36
209 78 78
183 69 69
179 64 64
184 72 72
179 69 69
177 68 68
183 63 63
191 54 54
204 48 48
205 46 46
187 44 44
166 41 41
148 39 39
142 36 36
149 37 37
171 40 40
177 39 39
167 34 34
162 32 32
162 33 33
156 33 33
141 31 31
135 31 31
138 32 32
142 33 33
143 33 33
143 32 32
142 32 32
140 30 30
138 30 30
135 30 30
131 30 30
132 30 30
132 30 30
130 30 30
127 29 29
127 29 29
129 29 29
129 29 29
131 29 29
137 29 29
150 29 29
156 30 30
151 30 30
143 29 29
140 29 29
142 29 29
140 30 30
135 30 30
132 30 30
133 30 30
132 30 30
128 30 30
129 30 30
131 30 30
130 30 30
130 29 29
131 29 29
138 30 30
147 32 32
151 32 32
151 32 32
148 31 31
140 30 30
136 30 30
132 30 30
132 29 29
131 29 29
132 28 28
134 28 28
134 28 28
131 29 29
136 30 30
141 30 30
145 33 33
164 38 38
177 37 37
159 34 34
143 32 32
137 31 31
141 32 32
149 32 32
154 37 37
157 43 43
151 41 41
147 40 40
152 42 42
159 48 48
164 49 49
159 42 42
147 35 35
134 32 32
130 31 31
132 32 32
140 32 32
148 34 34
144 35 35
136 34 34
132 33 33
135 36 36
145 43 43
151 50 50
144 52 52
139 44 44
134 37 37
133 38 38
134 39 39
135 35 35
133 36 36
135 38 38
141 46 46
163 62 62
179 64 64
185 53 53
175 39 39
167 39 39
159 41 41
158 37 37
150 33 33
146 33 33
207 69 69
187 63 63
192 67 67
195 71 71
198 75 75
203 84 84
194 76 76
196 64 64
212 60 60
219 61 61
219 56 56
206 53 53
183 47 47
160 40 40
151 38 38
154 36 36
159 33 33
163 33 33
169 34 34
163 36 36
149 35 35
140 32 32
135 31 31
136 31 31
141 34 34
142 34 34
145 33 33
153 33 33
158 32 32
151 31 31
142 31 31
139 31 31
137 31 31
135 31 31
133 30 30
131 30 30
132 30 30
134 30 30
131 30 30
129 29 29
130 29 29
139 30 30
146 30 30
147 30 30
146 30 30
146 30 30
144 29 29
141 30 30
139 30 30
134 30 30
134 30 30
133 30 30
129 30 30
132 30 30
134 30 30
132 29 29
130 29 29
129 29 29
132 29 29
134 30 30
139 30 30
151 31 31
165 31 31
150 29 29
135 29 29
130 29 29
131 30 30
130 29 29
131 29 29
131 29 29
130 30 30
130 30 30
135 31 31
139 32 32
145 34 34
152 34 34
158 34 34
164 34 34
155 33 33
142 31 31
142 32 32
140 33 33
136 34 34
134 34 34
137 35 35
139 37 37
139 36 36
147 39 39
152 37 37
149 35 35
146 34 34
144 34 34
137 32 32
132 31 31
136 31 31
138 33 33
141 34 34
144 35 35
137 37 37
139 39 39
148 40 40
144 41 41
135 37 37
134 37 37
132 34 34
131 34 34
134 37 37
137 38 38
137 38 38
136 39 39
137 41 41
144 53 53
153 56 56
156 50 50
150 45 45
150 43 43
155 44 44
171 42 42
161 34 34
148 32 32
195 57 57
194 61 61
215 76 76
217 79 79
206 77 77
208 84 84
208 89 89
220 84 84
232 73 73
228 63 63
226 60 60
216 55 55
201 50 50
179 42 42
161 38 38
151 34 34
147 33 33
151 32 32
162 38 38
163 41 41
145 35 35
138 32 32
136 31 31
135 31 31
138 32 32
143 33 33
144 32 32
147 32 32
160 32 32
160 32 32
151 32 32
148 32 32
143 33 33
143 33 33
141 32 32
138 31 31
145 30 30
144 30 30
137 30 30
131 30 30
129 30 30
133 30 30
137 30 30
142 30 30
144 30 30
149 30 30
149 30 30
144 30 30
146 30 30
145 31 31
141 30 30
135 30 30
131 30 30
131 30 30
132 29 29
132 29 29
130 29 29
128 29 29
128 29 29
130 30 30
137 30 30
160 32 32
184 32 32
172 31 31
139 30 30
130 29 29
132 30 30
136 31 31
140 30 30
141 30 30
137 30 30
135 30 30
135 30 30
138 32 32
141 34 34
143 34 34
145 33 33
146 33 33
146 32 32
140 31 31
147 35 35
153 39 39
147 38 38
137 35 35
142 36 36
150 39 39
144 35 35
146 34 34
147 34 34
143 35 35
144 34 34
147 36 36
146 33 33
144 33 33
153 35 35
159 38 38
150 34 34
147 34 34
142 37 37
141 36 36
143 35 35
141 34 34
134 34 34
131 33 33
129 32 32
130 32 32
130 33 33
132 35 35
134 35 35
135 37 37
139 38 38
144 47 47
148 50 50
152 52 52
156 52 52
165 55 55
174 51 51
179 42 42
172 33 33
155 32 32
209 71 71
197 63 63
220 80 80
238 94 94
225 91 91
221 97 97
224 100 100
226 88 88
226 67 67
223 57 57
216 57 57
218 56 56
219 52 52
206 44 44
183 42 42
165 37 37
153 34 34
142 33 33
141 33 33
145 36 36
141 35 35
136 31 31
137 31 31
137 32 32
139 33 33
144 33 33
144 32 32
143 31 31
143 30 30
146 31 31
144 30 30
142 31 31
141 32 32
141 32 32
145 32 32
150 32 32
162 33 33
156 31 31
137 31 31
130 30 30
130 30 30
136 30 30
141 30 30
144 30 30
142 29 29
147 30 30
150 30 30
145 30 30
149 31 31
149 31 31
147 31 31
142 31 31
139 31 31
134 29 29
131 29 29
130 29 29
128 29 29
128 29 29
130 29 29
131 29 29
136 30 30
151 31 31
170 32 32
167 31 31
147 30 30
137 31 31
137 32 32
144 32 32
153 33 33
156 33 33
151 31 31
141 31 31
136 30 30
132 32 32
133 32 32
136 32 32
139 32 32
143 32 32
140 33 33
135 33 33
138 35 35
147 41 41
150 42 42
140 37 37
139 34 34
139 32 32
136 31 31
141 32 32
145 35 35
142 35 35
142 34 34
145 34 34
146 33 33
151 33 33
163 35 35
173 36 36
160 34 34
155 34 34
151 34 34
148 33 33
147 33 33
138 31 31
133 31 31
130 32 32
129 32 32
130 31 31
130 33 33
133 36 36
136 36 36
136 35 35
142 39 39
147 47 47
148 51 51
155 57 57
163 59 59
164 47 47
167 41 41
172 40 40
174 36 36
164 32 32
190 62 62
186 63 63
216 85 85
235 100 100
218 89 89
213 96 96
217 97 97
211 81 81
212 61 61
220 57 57
215 58 58
206 57 57
212 57 57
217 49 49
190 44 44
172 42 42
160 38 38
147 36 36
142 35 35
141 35 35
141 35 35
140 32 32
141 32 32
141 34 34
141 34 34
143 33 33
145 31 31
146 31 31
144 30 30
141 30 30
136 30 30
135 30 30
138 31 31
143 32 32
152 32 32
158 33 33
158 31 31
149 31 31
137 32 32
134 31 31
139 31 31
151 33 33
154 32 32
154 30 30
152 29 29
148 29 29
145 29 29
147 30 30
150 31 31
146 31 31
144 31 31
144 31 31
141 31 31
139 30 30
141 30 30
143 30 30
132 30 30
129 30 30
131 29 29
132 30 30
134 30 30
138 30 30
145 30 30
148 31 31
150 33 33
160 36 36
154 34 34
146 31 31
148 33 33
157 34 34
179 35 35
163 34 34
141 33 33
136 34 34
134 32 32
137 33 33
139 32 32
138 32 32
136 33 33
131 33 33
131 32 32
132 36 36
133 36 36
134 35 35
133 32 32
131 30 30
130 30 30
130 30 30
133 31 31
136 32 32
140 32 32
142 32 32
142 31 31
145 31 31
151 31 31
160 32 32
156 33 33
163 36 36
172 36 36
169 36 36
175 36 36
166 35 35
145 35 35
137 36 36
134 35 35
131 32 32
132 31 31
136 34 34
135 34 34
135 34 34
141 35 35
142 41 41
144 45 45
151 46 46
157 46 46
153 38 38
150 35 35
156 36 36
160 35 35
153 34 34
189 56 56
195 65 65
223 89 89
222 96 96
197 80 80
183 73 73
192 76 76
204 69 69
206 60 60
213 61 61
217 64 64
191 55 55
169 43 43
168 40 40
171 40 40
170 41 41
162 40 40
153 37 37
144 35 35
141 33 33
142 33 33
142 34 34
140 33 33
139 34 34
141 34 34
143 33 33
148 32 32
154 33 33
154 32 32
149 30 30
144 31 31
143 32 32
148 32 32
154 35 35
159 34 34
161 34 34
164 33 33
160 35 35
154 35 35
141 32 32
141 32 32
148 33 33
146 31 31
149 30 30
145 29 29
139 29 29
135 29 29
138 29 29
142 30 30
139 29 29
135 30 30
137 30 30
143 31 31
145 30 30
152 31 31
148 31 31
137 30 30
138 30 30
133 29 29
130 29 29
130 30 30
131 29 29
133 30 30
137 32 32
143 34 34
164 37 37
172 37 37
146 32 32
138 32 32
146 32 32
164 39 39
171 42 42
154 42 42
142 36 36
137 33 33
138 33 33
144 33 33
141 33 33
136 33 33
131 33 33
129 33 33
128 33 33
128 33 33
128 32 32
127 30 30
126 29 29
127 30 30
129 30 30
130 30 30
134 29 29
144 30 30
150 30 30
144 30 30
141 29 29
142 29 29
149 30 30
151 33 33
150 32 32
151 33 33
149 33 33
153 36 36
160 39 39
154 40 40
147 41 41
148 41 41
143 35 35
139 32 32
138 32 32
132 31 31
133 32 32
137 35 35
140 37 37
144 40 40
152 39 39
155 40 40
151 40 40
148 36 36
149 36 36
149 35 35
138 31 31
197 59 59
204 66 66
216 85 85
216 91 91
201 77 77
179 65 65
166 55 55
167 50 50
177 49 49
186 53 53
181 53 53
164 46 46
156 41 41
152 38 38
152 36 36
158 36 36
160 37 37
157 37 37
148 35 35
142 33 33
142 33 33
146 37 37
144 36 36
142 36 36
146 36 36
147 34 34
154 34 34
169 35 35
176 37 37
158 33 33
147 31 31
154 31 31
178 37 37
199 43 43
190 39 39
179 36 36
176 35 35
173 36 36
180 38 38
161 36 36
151 34 34
156 33 33
146 31 31
140 30 30
140 29 29
133 29 29
132 29 29
141 29 29
152 30 30
149 30 30
144 31 31
146 31 31
149 31 31
151 32 32
153 32 32
146 31 31
135 30 30
132 29 29
133 29 29
131 30 30
131 30 30
134 30 30
132 30 30
133 31 31
139 32 32
145 32 32
151 33 33
143 31 31
139 32 32
142 32 32
155 38 38
156 38 38
143 36 36
140 34 34
136 32 32
139 34 34
141 32 32
137 33 33
134 33 33
131 34 34
132 36 36
131 34 34
130 33 33
129 31 31
128 30 30
128 30 30
129 30 30
132 31 31
134 30 30
139 29 29
148 29 29
145 30 30
138 30 30
137 29 29
137 29 29
142 30 30
148 32 32
145 32 32
143 32 32
146 37 37
147 37 37
144 37 37
139 35 35
138 35 35
144 34 34
147 34 34
147 34 34
152 35 35
143 35 35
142 36 36
146 35 35
145 36 36
149 38 38
156 42 42
157 41 41
158 48 48
156 41 41
160 38 38
157 35 35
143 32 32
199 59 59
216 68 68
230 87 87
220 91 91
196 72 72
171 59 59
152 45 45
146 40 40
150 39 39
162 46 46
167 48 48
158 45 45
149 39 39
146 37 37
144 35 35
150 35 35
153 35 35
155 35 35
152 34 34
144 32 32
142 34 34
148 36 36
146 38 38
145 37 37
148 38 38
149 36 36
151 34 34
166 36 36
177 39 39
163 35 35
155 32 32
163 32 32
191 35 35
215 42 42
213 42 42
205 39 39
201 36 36
197 38 38
196 41 41
159 36 36
141 32 32
148 31 31
145 31 31
140 30 30
132 29 29
128 29 29
129 29 29
136 29 29
146 30 30
155 30 30
163 31 31
163 32 32
165 32 32
164 32 32
152 31 31
139 31 31
132 29 29
129 29 29
131 30 30
133 30 30
134 30 30
132 30 30
132 30 30
132 30 30
131 30 30
133 30 30
138 30 30
143 31 31
153 32 32
149 34 34
143 35 35
140 33 33
141 33 33
144 33 33
142 33 33
140 32 32
132 31 31
132 31 31
132 32 32
134 37 37
138 40 40
138 38 38
137 36 36
136 33 33
134 31 31
133 30 30
134 30 30
136 30 30
136 30 30
136 29 29
138 29 29
137 29 29
134 29 29
133 29 29
134 29 29
132 29 29
135 31 31
138 30 30
140 31 31
149 36 36
151 39 39
145 37 37
140 35 35
136 33 33
138 31 31
138 32 32
140 34 34
140 34 34
133 31 31
137 33 33
154 35 35
161 36 36
174 45 45
176 47 47
159 39 39
158 43 43
163 42 42
170 36 36
161 35 35
149 32 32
203 61 61
221 69 69
229 81 81
218 79 79
206 72 72
178 59 59
154 44 44
148 41 41
146 39 39
144 38 38
145 38 38
144 39 39
142 37 37
141 34 34
138 34 34
139 33 33
142 32 32
144 32 32
151 33 33
154 34 34
151 35 35
147 35 35
145 37 37
145 37 37
146 38 38
147 36 36
144 34 34
147 35 35
157 37 37
157 34 34
155 33 33
162 31 31
174 31 31
192 35 35
201 38 38
195 36 36
198 36 36
205 38 38
209 45 45
167 37 37
148 32 32
157 32 32
164 32 32
148 30 30
131 29 29
127 29 29
128 29 29
131 29 29
134 29 29
142 29 29
152 30 30
155 30 30
159 30 30
159 30 30
145 30 30
135 30 30
129 30 30
127 29 29
128 29 29
132 29 29
133 30 30
132 30 30
132 30 30
135 30 30
135 30 30
136 29 29
141 30 30
149 33 33
160 36 36
161 34 34
153 32 32
143 31 31
137 30 30
140 30 30
139 31 31
135 30 30
130 30 30
131 31 31
134 33 33
137 36 36
141 41 41
141 38 38
135 35 35
132 33 33
131 31 31
132 30 30
138 31 31
142 31 31
142 32 32
136 30 30
135 30 30
136 30 30
136 29 29
135 30 30
135 31 31
133 32 32
132 31 31
133 30 30
134 31 31
141 35 35
146 36 36
143 34 34
137 32 32
134 32 32
135 31 31
136 31 31
137 31 31
135 33 33
132 31 31
134 32 32
142 34 34
156 37 37
173 39 39
181 48 48
164 39 39
158 33 33
162 34 34
162 34 34
156 35 35
148 32 32
183 54 54
200 60 60
218 68 68
198 59 59
178 51 51
165 48 48
156 44 44
157 44 44
152 41 41
144 37 37
138 35 35
137 35 35
137 35 35
138 34 34
136 33 33
134 32 32
135 31 31
137 31 31
142 31 31
151 31 31
156 34 34
152 35 35
152 38 38
157 41 41
148 39 39
142 36 36
141 34 34
139 33 33
143 33 33
146 34 34
148 32 32
149 31 31
156 30 30
165 33 33
170 33 33
174 33 33
186 34 34
188 38 38
183 40 40
164 33 33
150 31 31
147 31 31
144 31 31
143 30 30
134 29 29
129 29 29
129 29 29
130 29 29
133 29 29
136 29 29
140 29 29
142 29 29
147 29 29
148 30 30
146 30 30
133 30 30
128 29 29
128 29 29
128 29 29
131 29 29
139 30 30
139 32 32
140 33 33
141 32 32
139 30 30
140 31 31
148 32 32
156 37 37
162 37 37
158 33 33
153 32 32
147 30 30
138 30 30
141 30 30
144 31 31
139 32 32
132 30 30
131 31 31
136 33 33
135 34 34
134 34 34
135 34 34
138 35 35
136 34 34
132 32 32
133 31 31
142 33 33
152 36 36
165 37 37
148 34 34
140 31 31
141 30 30
144 30 30
147 33 33
149 39 39
142 38 38
135 32 32
133 32 32
133 34 34
136 39 39
138 38 38
133 33 33
132 32 32
131 32 32
132 32 32
134 31 31
136 31 31
136 35 35
137 37 37
142 37 37
146 36 36
155 38 38
170 39 39
178 41 41
184 37 37
184 32 32
178 32 32
162 32 32
155 32 32
148 31 31
182 54 54
193 60 60
211 65 65
186 52 52
165 43 43
161 44 44
163 45 45
164 45 45
157 42 42
146 38 38
139 34 34
136 33 33
136 34 34
135 34 34
134 33 33
134 33 33
133 31 31
134 31 31
138 31 31
144 31 31
144 31 31
147 33 33
158 38 38
168 43 43
156 41 41
139 35 35
139 33 33
142 33 33
142 34 34
143 33 33
147 32 32
154 31 31
158 31 31
161 32 32
155 31 31
160 31 31
177 34 34
183 36 36
172 33 33
168 31 31
177 31 31
162 31 31
148 30 30
147 30 30
144 30 30
139 29 29
132 29 29
129 29 29
132 29 29
136 29 29
139 29 29
142 29 29
144 29 29
142 29 29
143 29 29
137 30 30
131 30 30
131 30 30
129 29 29
129 30 30
136 30 30
143 33 33
138 33 33
131 31 31
130 29 29
133 31 31
144 34 34
145 32 32
146 33 33
148 32 32
152 33 33
148 32 32
139 31 31
132 29 29
131 30 30
138 31 31
144 31 31
141 32 32
138 32 32
135 34 34
137 34 34
137 34 34
139 34 34
142 36 36
142 34 34
142 33 33
142 34 34
145 35 35
154 37 37
143 34 34
139 32 32
139 31 31
149 32 32
154 42 42
149 45 45
143 42 42
136 35 35
133 34 34
133 36 36
135 43 43
134 37 37
131 32 32
131 32 32
133 32 32
133 31 31
135 31 31
139 34 34
142 41 41
142 43 43
143 37 37
144 34 34
155 35 35
162 34 34
167 33 33
182 34 34
188 35 35
191 35 35
181 35 35
168 32 32
157 30 30
201 62 62
218 70 70
219 72 72
203 62 62
193 54 54
177 50 50
163 44 44
159 42 42
154 40 40
148 36 36
145 34 34
139 34 34
138 34 34
138 35 35
136 34 34
135 33 33
134 32 32
133 31 31
135 31 31
137 31 31
139 30 30
143 32 32
161 36 36
182 42 42
164 42 42
147 37 37
149 36 36
149 34 34
144 34 34
144 32 32
150 32 32
157 32 32
159 32 32
158 32 32
155 31 31
152 31 31
170 33 33
188 33 33
173 32 32
162 30 30
162 31 31
165 31 31
156 30 30
148 30 30
148 30 30
143 30 30
134 29 29
131 29 29
133 29 29
136 29 29
139 29 29
143 29 29
143 29 29
138 29 29
139 29 29
136 30 30
136 31 31
139 32 32
137 31 31
134 30 30
133 31 31
149 33 33
152 35 35
140 33 33
132 31 31
131 30 30
132 31 31
131 31 31
135 31 31
144 32 32
162 35 35
158 35 35
141 31 31
134 30 30
131 30 30
128 30 30
132 31 31
143 33 33
149 35 35
147 34 34
145 35 35
136 33 33
135 32 32
139 33 33
144 32 32
150 33 33
146 35 35
148 34 34
147 35 35
146 36 36
149 35 35
148 34 34
152 35 35
154 45 45
148 46 46
143 45 45
134 35 35
131 34 34
133 39 39
140 46 46
138 37 37
134 33 33
137 34 34
137 33 33
134 31 31
137 33 33
140 37 37
140 43 43
141 44 44
139 36 36
140 35 35
147 33 33
150 31 31
156 31 31
171 33 33
184 36 36
192 34 34
189 33 33
172 31 31
155 29 29
200 64 64
211 69 69
213 69 69
198 62 62
189 56 56
179 52 52
168 46 46
160 43 43
152 40 40
148 37 37
147 36 36
141 34 34
136 33 33
135 33 33
137 33 33
137 32 32
135 32 32
134 31 31
134 31 31
136 31 31
134 30 30
136 30 30
147 32 32
159 36 36
155 39 39
150 38 38
157 39 39
162 38 38
152 34 34
147 33 33
150 31 31
152 30 30
153 30 30
155 31 31
155 32 32
155 31 31
168 33 33
184 32 32
168 30 30
158 30 30
161 31 31
168 31 31
158 30 30
147 29 29
144 30 30
142 30 30
136 29 29
131 29 29
130 29 29
132 29 29
133 29 29
132 29 29
132 29 29
132 29 29
133 29 29
134 30 30
134 31 31
136 32 32
137 32 32
134 31 31
130 30 30
140 32 32
166 33 33
166 33 33
146 31 31
144 31 31
138 31 31
129 30 30
129 30 30
137 31 31
158 34 34
161 34 34
142 31 31
139 31 31
136 30 30
131 30 30
129 30 30
131 30 30
140 32 32
146 33 33
145 34 34
140 33 33
139 33 33
142 33 33
144 31 31
145 31 31
151 34 34
154 31 31
149 33 33
150 37 37
154 41 41
154 37 37
154 41 41
154 47 47
146 41 41
142 40 40
138 38 38
136 35 35
133 36 36
138 39 39
143 36 36
145 36 36
151 40 40
156 37 37
147 35 35
142 35 35
138 40 40
136 42 42
135 39 39
132 33 33
134 33 33
140 34 34
145 33 33
151 34 34
157 35 35
167 35 35
183 34 34
182 31 31
169 31 31
155 31 31
192 66 66
194 63 63
199 66 66
189 61 61
178 52 52
167 47 47
169 46 46
167 47 47
153 40 40
156 41 41
159 42 42
151 38 38
145 35 35
138 34 34
136 32 32
137 31 31
136 32 32
136 31 31
137 31 31
138 31 31
140 31 31
142 31 31
144 32 32
148 34 34
151 36 36
157 38 38
170 41 41
178 44 44
169 39 39
159 34 34
153 32 32
148 30 30
148 31 31
150 30 30
150 30 30
146 31 31
143 30 30
145 30 30
151 30 30
151 30 30
150 30 30
154 30 30
151 30 30
149 30 30
146 30 30
141 30 30
137 29 29
133 29 29
130 29 29
129 29 29
130 29 29
129 29 29
128 30 30
129 30 30
132 30 30
134 32 32
137 32 32
137 32 32
138 32 32
137 32 32
133 30 30
138 30 30
164 30 30
181 29 29
171 30 30
164 31 31
154 30 30
138 30 30
137 30 30
141 31 31
145 31 31
141 31 31
137 30 30
138 30 30
139 30 30
138 30 30
131 30 30
129 30 30
135 30 30
136 30 30
136 31 31
139 32 32
152 34 34
163 34 34
152 30 30
148 29 29
152 31 31
153 31 31
155 33 33
157 39 39
159 44 44
159 44 44
156 45 45
156 46 46
153 44 44
151 50 50
149 49 49
148 41 41
138 36 36
134 32 32
139 33 33
152 37 37
163 41 41
170 42 42
163 37 37
147 34 34
144 41 41
145 49 49
145 51 51
146 43 43
146 39 39
150 40 40
152 38 38
150 35 35
154 37 37
160 36 36
172 34 34
182 33 33
183 34 34
177 35 35
184 64 64
194 67 67
207 72 72
202 67 67
195 60 60
191 57 57
187 55 55
177 52 52
163 44 44
159 42 42
164 44 44
157 42 42
147 38 38
139 34 34
137 32 32
139 32 32
139 32 32
140 32 32
143 33 33
144 33 33
146 34 34
151 34 34
153 33 33
156 34 34
158 37 37
163 39 39
172 41 41
175 42 42
174 40 40
168 37 37
162 34 34
157 33 33
147 32 32
146 30 30
148 30 30
147 31 31
143 30 30
141 30 30
146 30 30
151 30 30
152 30 30
154 29 29
151 30 30
152 30 30
148 31 31
144 30 30
139 30 30
139 29 29
138 29 29
134 29 29
131 30 30
131 30 30
132 30 30
132 31 31
132 31 31
134 31 31
138 32 32
139 32 32
138 32 32
140 31 31
139 29 29
137 29 29
142 29 29
152 28 28
163 28 28
158 28 28
150 28 28
140 29 29
138 29 29
137 31 31
137 30 30
142 31 31
139 30 30
136 30 30
137 31 31
136 31 31
136 30 30
132 30 30
133 29 29
135 29 29
133 30 30
132 30 30
137 31 31
145 31 31
145 29 29
150 29 29
163 31 31
168 31 31
167 37 37
164 43 43
160 41 41
157 41 41
157 42 42
158 47 47
161 52 52
163 70 70
157 66 66
156 44 44
150 38 38
150 36 36
151 35 35
147 34 34
142 32 32
139 31 31
141 31 31
144 31 31
152 40 40
150 47 47
147 47 47
146 43 43
149 41 41
156 44 44
157 42 42
157 40 40
164 40 40
167 36 36
172 33 33
185 34 34
202 35 35
205 36 36
167 55 55
179 63 63
207 78 78
204 71 71
199 65 65
199 63 63
201 62 62
191 53 53
175 45 45
171 45 45
170 48 48
161 48 48
148 41 41
141 34 34
138 33 33
138 33 33
139 34 34
139 34 34
139 35 35
142 35 35
144 34 34
155 35 35
165 36 36
163 34 34
162 37 37
162 39 39
167 39 39
171 41 41
172 42 42
172 38 38
172 37 37
165 37 37
150 34 34
145 31 31
147 30 30
147 31 31
148 30 30
148 30 30
150 30 30
152 30 30
155 31 31
160 31 31
164 31 31
163 33 33
163 33 33
153 31 31
144 30 30
141 30 30
141 29 29
145 30 30
144 32 32
147 33 33
145 32 32
141 33 33
137 33 33
139 32 32
146 31 31
140 31 31
135 31 31
136 30 30
135 29 29
134 29 29
140 29 29
145 28 28
149 28 28
146 28 28
144 28 28
142 29 29
139 29 29
137 30 30
133 30 30
134 30 30
138 30 30
144 30 30
149 33 33
143 32 32
139 30 30
135 29 29
133 29 29
134 29 29
136 30 30
140 31 31
150 32 32
157 31 31
147 29 29
152 29 29
166 31 31
178 36 36
173 40 40
164 49 49
166 52 52
170 51 51
164 54 54
156 51 51
159 60 60
170 80 80
164 68 68
155 41 41
150 34 34
152 34 34
154 33 33
159 34 34
152 32 32
145 31 31
147 31 31
146 33 33
148 38 38
149 44 44
145 44 44
143 42 42
148 44 44
154 43 43
156 40 40
161 45 45
170 43 43
167 35 35
168 30 30
179 31 31
197 31 31
206 33 33
169 57 57
182 64 64
198 73 73
193 67 67
187 61 61
192 61 61
199 61 61
187 48 48
180 45 45
181 48 48
176 51 51
167 48 48
155 44 44
143 39 39
138 33 33
135 31 31
137 33 33
138 35 35
139 34 34
140 34 34
141 33 33
143 33 33
149 35 35
155 36 36
161 37 37
165 36 36
169 39 39
180 44 44
182 48 48
175 44 44
176 42 42
164 39 39
148 36 36
142 33 33
142 32 32
144 31 31
147 30 30
145 30 30
147 30 30
155 32 32
164 34 34
162 33 33
169 35 35
186 37 37
191 36 36
171 32 32
141 30 30
131 29 29
134 29 29
141 30 30
153 31 31
165 31 31
155 32 32
146 32 32
147 33 33
146 32 32
142 30 30
143 31 31
144 31 31
136 30 30
132 29 29
135 29 29
139 29 29
144 28 28
142 28 28
137 28 28
137 28 28
136 28 28
136 29 29
133 30 30
129 29 29
128 29 29
131 29 29
135 30 30
144 30 30
143 30 30
142 29 29
141 29 29
137 28 28
139 29 29
141 31 31
156 34 34
177 36 36
180 34 34
167 28 28
166 28 28
167 32 32
178 36 36
167 44 44
163 62 62
167 69 69
168 65 65
164 62 62
159 63 63
162 73 73
181 93 93
178 68 68
153 40 40
144 34 34
143 33 33
141 32 32
137 32 32
137 32 32
141 32 32
146 33 33
149 35 35
149 36 36
154 42 42
158 46 46
160 48 48
157 49 49
158 46 46
158 45 45
162 52 52
169 55 55
164 40 40
157 32 32
165 30 30
178 29 29
190 30 30
167 52 52
165 51 51
170 53 53
169 52 52
167 51 51
177 54 54
181 51 51
180 45 45
187 49 49
188 53 53
181 52 52
170 49 49
154 42 42
141 37 37
137 35 35
136 34 34
138 35 35
140 36 36
141 35 35
141 33 33
141 33 33
141 33 33
144 34 34
151 37 37
158 37 37
161 36 36
171 40 40
183 45 45
188 47 47
181 46 46
177 45 45
166 45 45
147 38 38
138 32 32
136 31 31
139 30 30
146 31 31
147 31 31
148 32 32
158 34 34
167 36 36
160 36 36
159 37 37
179 40 40
190 38 38
170 33 33
138 31 31
129 29 29
131 29 29
138 30 30
148 31 31
164 30 30
163 31 31
155 33 33
155 33 33
151 32 32
148 31 31
156 31 31
158 30 30
146 29 29
137 29 29
135 29 29
136 29 29
138 29 29
136 29 29
132 29 29
132 29 29
133 28 28
134 29 29
131 29 29
128 29 29
128 29 29
128 29 29
129 29 29
133 30 30
133 30 30
137 29 29
146 28 28
144 29 29
144 30 30
148 31 31
166 36 36
181 37 37
178 33 33
159 29 29
153 29 29
154 31 31
155 33 33
149 41 41
148 51 51
150 63 63
153 67 67
156 68 68
160 73 73
164 73 73
177 76 76
175 64 64
153 43 43
145 35 35
141 34 34
136 32 32
135 32 32
134 32 32
137 33 33
140 34 34
145 35 35
147 35 35
152 38 38
155 43 43
156 41 41
151 40 40
151 40 40
153 42 42
155 46 46
158 51 51
155 44 44
152 32 32
156 30 30
160 29 29
162 30 30
178 55 55
164 49 49
162 48 48
159 46 46
151 43 43
152 42 42
153 40 40
165 40 40
183 47 47
185 52 52
178 53 53
166 48 48
156 42 42
150 40 40
146 39 39
143 38 38
143 37 37
142 36 36
144 37 37
147 36 36
148 37 37
148 36 36
146 34 34
152 37 37
159 37 37
167 37 37
177 44 44
183 49 49
188 48 48
197 48 48
188 46 46
161 42 42
147 38 38
142 35 35
137 32 32
137 30 30
143 31 31
148 31 31
145 31 31
148 35 35
153 37 37
148 34 34
151 34 34
159 35 35
166 33 33
158 33 33
141 31 31
137 31 31
146 31 31
158 31 31
159 31 31
167 30 30
176 32 32
182 36 36
168 33 33
156 33 33
158 32 32
154 30 30
144 30 30
140 29 29
139 29 29
136 29 29
132 29 29
130 29 29
130 29 29
130 29 29
130 29 29
130 29 29
133 29 29
131 29 29
130 29 29
128 29 29
127 29 29
127 29 29
127 29 29
127 30 30
129 29 29
138 29 29
142 28 28
139 30 30
139 31 31
146 32 32
151 33 33
150 32 32
143 31 31
140 30 30
144 31 31
145 34 34
139 34 34
136 40 40
136 45 45
138 49 49
144 57 57
154 64 64
156 55 55
157 63 63
153 51 51
143 35 35
145 34 34
146 35 35
143 35 35
143 35 35
134 32 32
134 32 32
134 32 32
135 31 31
137 30 30
142 31 31
146 33 33
147 33 33
146 33 33
144 34 34
147 34 34
150 40 40
145 42 42
143 42 42
146 36 36
148 32 32
150 31 31
149 31 31
166 47 47
158 44 44
149 41 41
145 40 40
148 42 42
151 41 41
153 42 42
163 45 45
176 48 48
188 55 55
188 59 59
177 54 54
174 51 51
175 51 51
167 48 48
158 45 45
153 42 42
155 43 43
153 43 43
153 42 42
158 43 43
158 43 43
155 38 38
151 38 38
156 43 43
174 45 45
196 54 54
206 56 56
201 52 52
185 44 44
167 39 39
152 38 38
146 37 37
146 37 37
139 32 32
136 31 31
139 31 31
143 30 30
143 30 30
144 33 33
146 33 33
149 33 33
156 34 34
159 32 32
157 31 31
146 31 31
135 30 30
142 31 31
163 32 32
178 32 32
176 32 32
172 31 31
171 32 32
173 35 35
174 34 34
165 32 32
157 31 31
147 30 30
135 29 29
131 29 29
130 29 29
133 29 29
136 29 29
132 28 28
128 29 29
126 29 29
126 29 29
127 29 29
129 29 29
129 29 29
130 29 29
129 29 29
129 29 29
129 29 29
127 29 29
126 29 29
127 29 29
134 29 29
137 29 29
138 30 30
138 31 31
141 31 31
146 35 35
152 35 35
151 33 33
144 31 31
145 32 32
148 38 38
142 39 39
137 40 40
134 40 40
135 41 41
138 41 41
145 41 41
153 41 41
157 47 47
151 40 40
144 32 32
147 33 33
155 38 38
155 39 39
153 40 40
143 36 36
141 34 34
136 31 31
133 30 30
134 29 29
137 29 29
142 30 30
141 31 31
141 32 32
143 33 33
151 38 38
152 43 43
154 47 47
155 48 48
156 45 45
157 37 37
159 32 32
161 31 31